sb	name	pv	pos_peak	pos_avg	neg_peak	neg_avg	max pw	trxno	x	y	sb_es
ACA	อมตะซิตี้ 1	ระยอง	88.079994	33.207565	1.33	1.02	100	2	12.954235076904297	101.11544799804688	4.1836452
ACB	อมตะซิตี้ 2	ระยอง	0	0	0	0	100	2	12.9461030960083	101.10853576660156	0
ATV	อมตะซิตี้ 2 (ช)	ระยอง	59.649998	24.919565	2.73	0.1344681	50	1	12.946645736694336	101.10807037353516	3.1238923
BJA	บ้านฉาง	ระยอง	78.380005	30.325758	0.17	0.08	100	2	12.730753898620605	101.06791687011719	3.8209956
BKH	บ้านค่าย 1	ระยอง	79.4	26.65928	1.9300001	1.9300001	100	2	12.909320831298828	101.31551361083984	3.359043
BKI	บ้านค่าย 2	ระยอง	67.770004	17.943201	11.43	6.825276	100	2	12.876221656799316	101.33621215820313	2.2593193
BKJ	บ้านค่าย 3	ระยอง	0	0	0	0	0	0	0	0	0
BYA	บ้านเพ	ระยอง	93.28001	32.897503	5.3100004	5.2530003	100	2	12.642854690551758	101.4878158569336	4.0192633
ESA	อีสเทิร์นซีบอร์ด 1	ระยอง	88.28	28.46887	0.91	0.32169998	100	2	13.03032398223877	101.17436981201172	3.459103
ESU	อีสเทิร์นซีบอร์ด 3 (ช)	ระยอง	41.539997	12.031239	0.74	0.74	50	1	0	0	1.5148935
HEA	เหมราช 1	ระยอง	91.21	31.363728	3.2	1.0022893	100	2	13.068029403686523	101.18583679199219	3.9492433
KAA	แกลง 1	ระยอง	92.56	32.554646	0.07	0.07	100	2	12.806998252868652	101.66742706298828	4.1018615
KAB	แกลง 2	ระยอง	0	0	0	0	0	0	0	0	0
KAC	แกลง 3	ระยอง	65.200005	21.446133	1.82	1.075	100	2	12.7310209274292	101.58586120605469	2.702201
MBA	มาบข่า	ระยอง	99.82001	34.666527	9.28	5.536667	100	2	12.877115249633789	101.23075103759766	4.367645
MPA	มาบตาพุด 1	ระยอง	0	0	0	0	50	1	12.689587593078613	101.1361312866211	0
MPB	มาบตาพุด 2	ระยอง	0	0	0	0	0	0	0	0	0
MPC	มาบตาพุด 3	ระยอง	59.28	14.823805	0	0	100	2	12.70958423614502	101.17538452148438	1.8674839
NKP	นิคมพัฒนา	ระยอง	89.75	31.17393	0.3	0.19	100	2	12.824804306030273	101.13092041015625	3.6450942
NLL	หนองละลอก	ระยอง	26.33	4.9192677	2.34	1.2337148	100	2	12.83182430267334	101.25228881835938	0.617683
PLU	ปลวกแดง 1	ระยอง	96.05	29.788801	0	0	100	2	13.00226879119873	101.1366195678711	3.7533548
PLV	ปลวกแดง 2	ระยอง	88.63	26.783792	9.98	7.6557345	100	2	13.003719329833984	101.1656265258789	3.364875
PLW	ปลวกแดง 3	ระยอง	78.22001	21.963245	13.15	7.908	100	2	13.005311012268066	101.19661712646484	2.7659411
PLX	ปลวกแดง 4	ระยอง	83.049995	43.13335	1.5	1.2278788	100	2	12.989296913146973	101.10343170166016	5.434282
PLY	ปลวกแดง 5	ระยอง	0	0	0	0	0	0	0	0	0
RAA	ระยอง 1	ระยอง	118.6	39.98846	8.14	6.6983337	100	2	12.689839363098145	101.27140045166016	5.0361567
RAB	ระยอง 2	ระยอง	89.33001	30.107328	11.17	6.572055	100	2	12.753117561340332	101.15868377685547	3.5819306
RAC	ระยอง 3	ระยอง	51.489998	8.796999	7.86	5.8152423	90	2	12.722200393676758	101.13963317871094	1.031306
RAD	ระยอง 4	ระยอง	117.60999	36.101173	6.8999996	6.8999996	100	2	12.695045471191406	101.23102569580078	4.2804956
WCN	วังจันทร์	ระยอง	33.480003	13.322093	5.04	4.6590004	50	1	12.963801383972168	101.50122833251953	1.6783338
AKA	อมตะนคร 1	ชลบุรี	70.89001	27.068218	12.12	11.196209	100	2	13.452253341674805	101.06233978271484	3.4098895
AKB	อมตะนคร 2	ชลบุรี	67.53	19.17724	0.11	0.06	100	2	13.433370590209961	101.04955291748047	2.015146
AKC	อมตะนคร 3	ชลบุรี	90.39	35.542713	0	0	100	2	13.43425178527832	101.09799194335938	4.0092716
AKE	อมตะนคร 5	ชลบุรี	0	0	0	0	100	2	13.422398567199707	101.01516723632813	0
AKU	อมตะนคร 6 (ช)	ชลบุรี	89.41	36.709873	0.71	0.13560002	100	2	0	0	4.6242194
APA	อ่าวไผ่ 1	ชลบุรี	68.479996	21.580853	4.39	4.39	90	2	13.124838829040527	100.92778015136719	2.7191472
APB	อ่าวไผ่ 2	ชลบุรี	0	0	0	0	0	0	0	0	0
BBA	บ้านบึง 1	ชลบุรี	114.11	37.790188	36.329998	12.241859	100	2	13.219442367553711	101.22288513183594	3.935073
BBB	บ้านบึง 2	ชลบุรี	114.77	41.7193	8.38	4.7585716	100	2	13.30882453918457	101.108642578125	5.256096
BBC	บ้านบึง 3 (ช)	ชลบุรี	34.68	9.705618	14.74	5.3746986	25	1	13.280189514160156	101.19942474365234	1.2186257
BBD	บ้านบึง 4	ชลบุรี	0	0	0	0	100	2	13.350028991699219	101.14186096191406	0
BLA	บางละมุง	ชลบุรี	98.22	35.960617	4.06	4.015	100	2	12.938067436218262	100.92575073242188	4.5309143
BNF	บึง 2	ชลบุรี	91.97	41.544003	17.43	16.615	100	2	13.080672264099121	101.12004852294922	5.234323
BNG	บึง 1	ชลบุรี	87.57001	35.301575	1.57	1.57	90	2	13.09895133972168	100.96819305419922	4.4479885
BNH	บึง 3	ชลบุรี	0	0	0	0	100	2	13.074146270751953	101.02156066894531	0
BNU	บึง 4 (ช)	ชลบุรี	50.18	24.995584	0.17999999	0.16	50	1	0	0	3.148848
BPE	บางพระ	ชลบุรี	109.96	41.36516	0.41	0.41	100	2	13.240378379821777	100.93418884277344	5.211939
BSN	บางแสน 1	ชลบุรี	89.560005	31.44057	0	0	100	2	13.309944152832031	100.95378875732422	3.9615116
BSO	บางแสน 2	ชลบุรี	63.11	26.870815	0	0	100	2	13.332201957702637	100.9356460571289	3.3857226
BVA	บ่อทอง	ชลบุรี	0	0	0	0	100	2	13.286173820495605	101.40084075927734	0
BVU	บ่อทอง (ช)	ชลบุรี	28.880001	14.658112	8.26	3.051484	25	1	13.315051078796387	101.3231201171875	1.8287804
BWI	บ่อวิน 1	ชลบุรี	0	0	0	0	0	0	0	0	0
BWN	บ่อวิน 2	ชลบุรี	66.87	19.675049	12.49	6.930134	100	2	13.075113296508789	101.08851623535156	2.170102
CBA	ชลบุรี 1	ชลบุรี	102.18	36.06011	1.43	1.43	100	2	13.33897590637207	100.99136352539063	4.543548
CBB	ชลบุรี 2	ชลบุรี	80.799995	39.579185	2.08	2.08	100	2	13.409710884094238	100.99987030029297	4.982386
CBC	ชลบุรี 3	ชลบุรี	93.46999	35.99743	1.0799999	0.5119828	100	2	13.449889183044434	100.9991455078125	4.533813
CBD	ชลบุรี 4	ชลบุรี	59.700005	19.601627	16.380001	10.046167	100	2	13.370403289794922	101.03487396240234	2.3090444
CHT	จอมเทียน 1	ชลบุรี	84.68001	22.43282	5.11	2.4556336	100	2	12.8588228225708	100.92196655273438	2.3467455
CHU	จอมเทียน 2	ชลบุรี	71.12	24.872105	19.71	15.184103	100	2	12.900046348571777	100.89885711669922	3.1296158
HEB	เหมราช 2	ชลบุรี	59.339996	11.441345	12.17	5.3626323	100	2	13.132109642028809	101.14861297607422	1.4026293
KMK	เขาไม้แก้ว	ชลบุรี	85.7	17.268679	13.94	12.4133625	100	2	12.917491912841797	101.03158569335938	2.1726043
KPO	เกาะโพธิ์	ชลบุรี	81.27	26.984753	9.57	8.982666	100	2	13.41865348815918	101.28308868408203	3.3998895
LCA	แหลมฉบัง 1	ชลบุรี	86.38	21.967358	0	0	100	2	13.094597816467285	100.8956527709961	2.7678874
LCB	แหลมฉบัง 2	ชลบุรี	85.079994	33.307743	0.82	0.438	100	2	13.075400352478027	100.9205551147461	4.1962867
NOU	หนองใหญ่ 2 (ช)	ชลบุรี	33.440002	13.235922	8.55	5.2785563	40	3	0	0	1.5646236
NOY	หนองใหญ่ 1	ชลบุรี	78.450005	19.386545	23.359999	11.58408	100	2	13.168517112731934	101.27912139892578	2.1324522
PSA	พนัสนิคม	ชลบุรี	112.12001	35.92344	0.34	0.34	100	2	16.050159454345703	100.11663055419922	4.5263095
PTO	พานทอง 1	ชลบุรี	0	0	0	0	0	0	0	0	0
PTP	พานทอง 2	ชลบุรี	88.479996	43.480858	4.56	4.56	100	2	13.421343803405762	101.10160064697266	5.4785237
PYG	พัทยากลาง	ชลบุรี	90.52999	25.693464	21.68	12.446385	150	3	12.935328483581543	100.89122009277344	2.3741224
PYN	พัทยาเหนือ 1	ชลบุรี	95.920006	23.12507	4.8199997	4.8199997	100	2	12.956052780151367	100.90733337402344	2.9136941
PYO	พัทยาเหนือ 2	ชลบุรี	72.83	34.158936	15.31	8.037701	100	2	12.979524612426758	100.9576187133789	0.72433066
PYT	พัทยาใต้ 1	ชลบุรี	34.48	2.0686398	17.18	12.224001	100	2	12.916984558105469	100.86730194091797	0.26063475
PYU	พัทยาใต้ 2	ชลบุรี	101.619995	33.054077	11.120001	9.66	100	2	12.922097206115723	100.88343048095703	4.164639
PYV	พัทยาเหนือ 3 (ช)	ชลบุรี	0	0	0	0	50	1	0	0	0
PYW	พัทยาใต้ 3	ชลบุรี	0	0	0	0	100	2	12.906057357788086	100.87921905517578	0
PZA	ปิ่นทอง 1	ชลบุรี	101.52	28.617325	0.39	0.26045454	100	2	13.116520881652832	100.99925994873047	3.605354
PZC	ปิ่นทอง 3	ชลบุรี	44.089996	10.957666	0	0	100	2	13.093260765075684	101.06132507324219	1.3249651
PZV	ปิ่นทอง 3 (ช)	ชลบุรี	0	0	0	0	50	1	13.09241771697998	101.0613784790039	0
PZW	ปิ่นทอง 2 (ช)	ชลบุรี	41.46	17.047445	11.809999	10.00074	50	1	13.115570068359375	101.03857421875	2.1464758
SCA	ศรีราชา 1	ชลบุรี	113.68001	46.851135	8.32	6.70359	100	2	13.160481452941895	100.94352722167969	5.90161
SCB	ศรีราชา 2	ชลบุรี	0	0	0	0	100	2	13.126675605773926	100.98436737060547	0
ALA	อ่าวลึก	กระบี่	52.25	13.709565	14.890001	6.656503	50	1	0	0	1.6715214
KBA	กระบี่ 1	กระบี่	94.009995	17.015186	15.28	5.506432	100	2	0	0	1.7927402
KBB	กระบี่ 2	กระบี่	124.69	39.724766	7.87	5.7575607	100	2	0	0	4.9970794
KTM	คลองท่อม	กระบี่	69.67	19.63424	36.130005	1.720919	100	2	0	0	1.7465246
ARA	อรัญประเทศ 1	สระแก้ว	74.73	14.920713	44.760002	15.192354	90	2	13.724571228027344	102.47594451904297	1.7324146
ARB	อรัญประเทศ 2	สระแก้ว	64.92999	22.99501	7.66	5.4789324	100	2	13.67462158203125	102.54517364501953	2.896533
SKW	สระแก้ว	สระแก้ว	81.53	23.753197	38.99	12.36698	100	2	13.894383430480957	101.98705291748047	2.2500238
TPV	ตาพระยา (ช)	สระแก้ว	0	0	0	0	50	1	13.93837833404541	102.7348403930664	0
WNA	วัฒนานคร	สระแก้ว	66.41	14.409707	33.14	13.534362	50	2	13.768732070922852	102.24225616455078	1.629854
WYA	วังน้ำเย็น	สระแก้ว	60.57	12.552304	29.59	7.533176	100	2	13.412639617919922	102.19788360595703	1.3914583
AYA	อยุธยา 1	พระนครศรีอยุธยา	83.61	27.763054	6.56	2.8408067	100	2	14.363119125366211	100.55316925048828	3.4319196
AYB	อยุธยา 2	พระนครศรีอยุธยา	59.79	18.947529	2.34	2.34	100	2	14.38322639465332	100.60359954833984	2.3873649
AYC	อยุธยา 3	พระนครศรีอยุธยา	0	0	0	0	0	0	0	0	0
BIA	บางปะอิน 1	พระนครศรีอยุธยา	89.229996	27.45008	3.6499999	2.6599998	100	2	14.212099075317383	100.58718872070313	3.4585962
BIB	บางปะอิน 2	พระนครศรีอยุธยา	0	0	0	0	0	0	0	0	0
BIC	บางปะอิน 3	พระนครศรีอยุธยา	61.53	10.749672	17.68	4.2998033	100	2	14.169191360473633	100.52208709716797	1.2466407
BKS	บางกระสั้น 1	พระนครศรีอยุธยา	60.560005	2.4503963	12.679999	2.5221653	80	2	14.202028274536133	100.58502960205078	0.30707288
BKT	บางกระสั้น 2	พระนครศรีอยุธยา	19.67	3.5338712	7.61	7.61	100	2	14.188255310058594	100.59054565429688	0.44526777
BLS	บ้านลาดทราย	พระนครศรีอยุธยา	101.75	35.976105	2.01	2.01	100	2	14.205233573913574	100.6646957397461	4.5329237
BNL	บ้านเลน 1	พระนครศรีอยุธยา	27.349998	6.4017587	4.19	0.6975099	90	2	14.249848365783691	100.61026763916016	0.80662155
BNM	บ้านเลน 2 (ช)	พระนครศรีอยุธยา	25.34	5.724755	7.44	6.6359377	90	2	14.240720748901367	100.6058349609375	0.72112596
BPH	บางพระครู	พระนครศรีอยุธยา	48.46	12.8807	7.58	3.9161823	100	2	14.499131202697754	100.59130096435547	1.2242467
BPI	บางปะหัน	พระนครศรีอยุธยา	47.73	10.850997	31.18	13.918329	100	2	14.503817558288574	100.51934814453125	1.2655392
BSA	บางไทร	พระนครศรีอยุธยา	73.11	24.350643	20.7	7.7773943	100	2	14.178058624267578	100.48008728027344	2.7287962
LBL	ลาดบัวหลวง	พระนครศรีอยุธยา	46.2	14.27889	15.549999	7.6282873	100	2	14.192045211791992	100.29164123535156	1.7598295
NKL	นครหลวง	พระนครศรีอยุธยา	51.670002	17.220972	22.509998	16.791348	100	2	14.454029083251953	100.6678695678711	2.1695237
RCN	โรจนะ 1	พระนครศรีอยุธยา	40.5	4.015469	2.1499999	2.1342306	80	2	14.320361137390137	100.6426010131836	0.5059165
RCO	โรจนะ 2	พระนครศรีอยุธยา	94.869995	32.56225	40.33	25.919298	100	2	14.30517292022705	100.61444091796875	4.0524955
RCQ	โรจนะ 3	พระนครศรีอยุธยา	24.73	12.761535	5.54	2.112956	100	2	14.32728099822998	100.66832733154297	0.8382544
RCR	โรจนะ 4	พระนครศรีอยุธยา	41.440002	10.421298	0	0	100	3	14.343685150146484	100.68360137939453	1.3122709
RCS	โรจนะ 5	พระนครศรีอยุธยา	55.860004	10.007471	3.48	1.7910637	100	2	14.337078094482422	100.63345336914063	1.2597568
SNA	เสนา	พระนครศรีอยุธยา	81.96	28.81651	12.559999	4.6904697	100	2	14.312967300415039	100.39814758300781	3.622719
WAA	วังน้อย 1	พระนครศรีอยุธยา	102.70999	29.4384	14.559999	6.177068	100	2	14.249419212341309	100.70332336425781	3.6580172
WAB	วังน้อย 2	พระนครศรีอยุธยา	82.92999	25.296185	0.03	0.03	100	2	14.270474433898926	100.7957992553711	3.186601
BAK	บางคล้า	ฉะเชิงเทรา	95.490005	31.66209	0.83	0.83	100	2	13.85522174835205	101.16316223144531	3.9894168
BAP	บางน้ำเปรี้ยว	ฉะเชิงเทรา	88.68	29.806417	1.11	1.11	100	2	13.870491027832031	101.1456527709961	3.7551985
BGR	บางปะกง 3	ฉะเชิงเทรา	45.49	10.2774935	6.61	3.5654206	100	2	13.483881950378418	100.97274780273438	1.2937483
BHO	บ้านโพธิ์	ฉะเชิงเทรา	0	0	0	0	0	0	0	0	0
BSK	บางสมัคร 2	ฉะเชิงเทรา	77.41	18.052887	1.53	0.935	100	3	13.566917419433594	100.93871307373047	2.2746427
BSL	บางสมัคร 3	ฉะเชิงเทรา	64.15	27.410946	1.37	0.5104785	100	2	13.606340408325195	100.94466400146484	3.4508
BSM	บางสมัคร 1	ฉะเชิงเทรา	123.25	69.23532	2.31	1.4143354	150	3	13.579451560974121	100.92585754394531	8.720647
BSU	บางสมัคร 4 (ช)	ฉะเชิงเทรา	1199.9	24.960419	0.08	0.08	50	1	13.579303741455078	100.95022583007813	3.1449573
BWA	บางวัว 1	ฉะเชิงเทรา	62.74	21.402885	19.089998	15.955714	100	2	13.515888214111328	100.98235321044922	2.6965706
BWB	บางวัว 2	ฉะเชิงเทรา	58.99	25.940586	1.08	1.08	100	2	13.527091979980469	100.96754455566406	3.26847
BZD	บางสมัคร 4	ฉะเชิงเทรา	0	0	0	0	100	2	13.589052200317383	100.95186614990234	0
CCA	ฉะเชิงเทรา 1	ฉะเชิงเทรา	97.66999	31.53968	0.67999995	0.35095236	100	2	13.625282287597656	101.03243255615234	3.9732175
CCB	ฉะเชิงเทรา 2	ฉะเชิงเทรา	75.68	21.701723	2.18	2.18	100	2	13.660390853881836	101.08790588378906	2.6889396
CCX	ฉะเชิงเทรา 3 (ช)	ฉะเชิงเทรา	64.47	17.229008	2.97	1.5024999	50	1	0	0	1.1321088
FYU	แปลงยาว (ช)	ฉะเชิงเทรา	37.989998	17.828417	5.48	3.7575116	50	1	13.583878517150879	101.27814483642578	2.2442214
HSR	หัวสำโรง	ฉะเชิงเทรา	45.989998	15.689096	0	0	100	2	13.600637435913086	101.3443374633789	1.9768262
KOA	คลองใหม่ 1	ฉะเชิงเทรา	0	0	0	0	0	0	0	0	0
KOB	คลองใหม่ 2	ฉะเชิงเทรา	31.66	12.131208	3.7400002	1.6030467	100	2	13.607951164245605	100.98149108886719	1.5222354
KWA	คลองขวาง 1	ฉะเชิงเทรา	75.600006	17.13964	4.7	2.5636363	100	2	13.733445167541504	101.02534484863281	2.0094602
KWB	คลองขวาง 2	ฉะเชิงเทรา	78.729996	27.402468	3.1599998	2.4836924	100	2	13.757645606994629	100.99266815185547	3.443408
KWU	คลองขวาง 3 (ช)	ฉะเชิงเทรา	39.239998	14.404267	0.27	0.27	50	1	0	0	1.8149182
PHA	พนมสารคาม	ฉะเชิงเทรา	81.65	36.18901	2.27	0.8823855	100	2	13.78449535369873	101.52764129638672	4.5551004
SNK	สนามชัยเขต	ฉะเชิงเทรา	71.310005	23.141665	2.83	2.83	100	2	13.577190399169922	101.9041976928711	2.9158304
BAL	บางปลา	สมุทรสาคร	103.17	39.83671	2.54	2.2749999	100	2	13.58681869506836	100.24732208251953	5.019377
BNP	บ้านแพ้ว	สมุทรสาคร	94.44999	20.481565	11.91	5.6022034	100	2	13.566514015197754	100.11654663085938	2.5211813
EKA	เอกชัย 1	สมุทรสาคร	104.049995	43.533794	15.459999	9.708611	100	2	13.583965301513672	100.31869506835938	5.4846845
EKB	เอกชัย 2	สมุทรสาคร	83.7	23.585636	21.77	15.00876	100	2	13.555940628051758	100.2856216430664	2.967904
KTA	กระทุ่มแบน 1	สมุทรสาคร	85.78999	31.349497	1.98	1.98	100	2	13.64467716217041	100.29718780517578	3.9500015
KTB	กระทุ่มแบน 2	สมุทรสาคร	89.869995	34.909866	5.6600003	4.08075	100	2	13.62637710571289	100.31121063232422	4.395817
KTD	กระทุ่มแบน 4	สมุทรสาคร	67.38	27.265953	3.4899998	3.444292	100	2	13.676566123962402	100.26897430419922	3.425867
KTE	กระทุ่มแบน 5	สมุทรสาคร	99.78999	42.576683	3.22	1.8100001	100	2	13.638771057128906	100.24069213867188	5.3646507
KTU	กระทุ่มแบน 6 (ช)	สมุทรสาคร	18.92	10.119058	0.7	0.6999989	25	1	13.63354206085205	100.32279968261719	1.2566819
ONA	อ้อมน้อย 1	สมุทรสาคร	96.72	30.598064	21.96	18.158333	100	2	13.712199211120605	100.31482696533203	3.8551474
ONB	อ้อมน้อย 2	สมุทรสาคร	84.43001	28.777533	11.190001	6.4747796	100	2	13.671380043029785	100.30792236328125	3.6247923
ONC	อ้อมน้อย 3	สมุทรสาคร	74.07	24.268578	18.18	9.544174	100	2	13.705995559692383	100.29755401611328	3.0572503
OND	อ้อมน้อย 4	สมุทรสาคร	57.759995	10.98581	0	0	100	2	13.716341972351074	100.322021484375	1.356252
ONU	อ้อมน้อย 5 (ช)	สมุทรสาคร	31.44	5.8934646	2.47	2.47	50	1	13.686822891235352	100.32661437988281	0.74246836
OYM	อ้อมใหญ่ 4	สมุทรสาคร	0	0	0	0	100	2	13.779693603515625	100.27086639404297	0
SAA	สามพราน 1	สมุทรสาคร	109.33	20.844305	11.46	11.46	150	3	13.690829277038574	100.29266357421875	2.6262767
SMA	สมุทรสาคร 1	สมุทรสาคร	83.21001	37.09294	0.01	0.01	150	3	13.59298324584961	100.28269958496094	4.6703415
SMB	สมุทรสาคร 2	สมุทรสาคร	145.18999	46.5733	29.53	10.450309	150	3	13.541805267333984	100.22933959960938	4.9746313
SMC	สมุทรสาคร 3	สมุทรสาคร	0	0	0	0	100	2	13.596776962280273	100.33299255371094	0
SMD	สมุทรสาคร 4	สมุทรสาคร	85.48	14.383979	2.21	1.75	100	2	13.544562339782715	100.2642822265625	1.6846087
SME	สมุทรสาคร 5	สมุทรสาคร	87.560005	39.92037	20.89	8.300296	100	2	13.509446144104004	100.13291931152344	4.747445
SMF	สมุทรสาคร 6	สมุทรสาคร	112.399994	49.1455	17.570002	9.030669	100	2	13.559120178222656	100.31339263916016	6.1362095
SMG	สมุทรสาคร 7	สมุทรสาคร	74.33	24.189625	11.120001	7.9674997	100	2	13.58297348022461	100.29186248779297	3.047673
SMI	สมุทรสาคร 9	สมุทรสาคร	59.71	23.576742	6.35	4.621692	100	2	13.624489784240723	100.34153747558594	2.9703293
SMJ	สมุทรสาคร 10	สมุทรสาคร	0	0	0	0	100	2	13.62570858001709	100.27804565429688	0
SMK	สมุทรสาคร 11	สมุทรสาคร	0	0	0	0	50	1	13.520132064819336	100.23959350585938	0
SMU	สมุทรสาคร 8 (ช)	สมุทรสาคร	0	0	0	0	50	1	0	0	0
SMV	สมุทรสาคร 10 (ช)	สมุทรสาคร	0	0	0	0	50	1	0	0	0
SMW	สมุทรสาคร 11 (ช)	สมุทรสาคร	46.449997	21.132618	12.06	7.75	50	1	0	0	2.662593
SMX	สมุทรสาคร 12 (ช)	สมุทรสาคร	46.969997	18.57724	14.24	3.0216725	50	1	13.601924896240234	100.36061096191406	2.3400342
SMZ	สมุทรสาคร 16 (ช)	สมุทรสาคร	0	0	0	0	50	1	13.544624328613281	100.21141815185547	0
SXA	สินสาคร	สมุทรสาคร	72.95999	19.73095	1.6	0.8116049	100	2	13.557040214538574	100.34310913085938	2.4846652
THS	ท่าทราย 1	สมุทรสาคร	107.41	27.174654	28.04	25.640238	130	3	13.550076484680176	100.23311614990234	3.4237702
THU	ท่าทราย 2 (ช)	สมุทรสาคร	0	0	0	0	50	1	0	0	0
BDA	บางกะดี	ปทุมธานี	44.71	9.395683	0	0	100	2	13.979141235351563	100.5545883178711	1.18309
BKA	บางขันธ์ 1	ปทุมธานี	127.07	39.059975	17.75	12.266667	150	3	14.058711051940918	100.61666107177734	4.921335
BKU	บางขันธ์ 2 (ช)	ปทุมธานี	0	0	0	0	50	1	0	0	0
BMA	บ้านใหม่ 1	ปทุมธานี	70.32	23.995935	2.1000001	1.575	100	2	13.97661304473877	100.56905364990234	3.0234525
BMB	บ้านใหม่ 2	ปทุมธานี	66.71	22.614151	5.2599998	5.15	100	2	13.99195671081543	100.58251953125	2.8480897
BPN	บางพูน	ปทุมธานี	82.21001	21.535234	12.860001	8.320797	100	2	13.975077629089355	100.55033111572266	2.6922667
GUN	คลองหนึ่ง (ช)	ปทุมธานี	0	0	0	0	40	1	0	0	0
KHC	คลองเจ็ด	ปทุมธานี	100.69	32.090267	0	0	100	2	14.035516738891602	100.77207946777344	4.043373
KHL	คลองสี่	ปทุมธานี	110.479996	35.558857	15.58	14.886666	100	2	13.940580368041992	100.7110595703125	4.4802814
KIU	คลองสอง (ช)	ปทุมธานี	0	0	0	0	40	1	0	0	0
KLO	คลองหลวง	ปทุมธานี	117.240005	49.217636	8.51	8.426666	100	2	14.066650390625	100.70613098144531	6.201239
KQA	คูคต	ปทุมธานี	59.909996	9.88747	0	0	100	2	13.94827651977539	100.68537902832031	1.2458211
KQU	คูคต (ช)	ปทุมธานี	47	14.906559	7.3999996	6.5	50	1	0	0	1.201029
LAK	ลาดหลุมแก้ว	ปทุมธานี	85.939995	30.672241	10.37	4.8648467	100	2	14.03113842010498	100.38555908203125	3.794806
LLK	ลำลูกกา 1	ปทุมธานี	107.96	44.51268	0	0	100	2	13.94726276397705	100.78720092773438	5.6085978
LLL	ลำลูกกา 2	ปทุมธานี	0	0	0	0	0	0	0	0	0
MUB	เมืองเอก 2	ปทุมธานี	48.23	17.374931	1.63	1.63	100	2	13.972358703613281	100.61530303955078	2.1891553
NVA	นวนคร 1	ปทุมธานี	48.739998	9.144703	3.5	2.714957	100	2	14.12179946899414	100.6050796508789	1.1509604
NVB	นวนคร 2	ปทุมธานี	19.320002	6.799633	1.42	1.42	50	1	14.09925651550293	100.59764099121094	0.34647205
NVC	นวนคร 3	ปทุมธานี	41.93	10.068078	24.46	4.069717	100	2	14.119035720825195	100.59244537353516	1.26746
NVD	นวนคร 4	ปทุมธานี	70.47	22.037321	11.37	9.726667	100	2	14.115799903869629	100.6101303100586	2.7765446
NVU	นวนนคร 2 (ช)	ปทุมธานี	0	0	0	0	50	1	14.098678588867188	100.59774017333984	0
PQA	ปทุมธานี 1	ปทุมธานี	90.850006	33.03382	10.8	4.930398	100	2	14.041644096374512	100.47438049316406	4.155411
PQB	ปทุมธานี 2	ปทุมธานี	77.1	26.841019	0.48	0.48	100	2	13.956274032592773	100.51277160644531	3.3819637
PQC	ปทุมธานี 3	ปทุมธานี	94.380005	33.095993	7.0299997	3.4291666	100	2	13.9783935546875	100.52433013916016	4.16967
PQD	ปทุมธานี 4	ปทุมธานี	66.24	20.93724	4	2.2399998	100	2	14.064166069030762	100.52314758300781	2.527829
RGA	รังสิต 1	ปทุมธานี	94.72	22.909061	3.62	3.62	100	2	13.982544898986816	100.61846923828125	2.7498143
RGU	รังสิต 2 (ช)	ปทุมธานี	0	0	0.5	0.4999991	25	1	0	0	0
RSA	รังสิตใต้ 1	ปทุมธานี	102.33	34.229763	2.21	2.21	100	2	13.961262702941895	100.64285278320313	4.312889
RSB	รังสิตใต้ 2	ปทุมธานี	0	0	0	0	100	2	13.992677688598633	100.6382064819336	0
SKK	สามโคก	ปทุมธานี	58.93	18.902887	12.43	12.43	100	2	14.108455657958984	100.57079315185547	2.031671
SNO	ไทรน้อย	ปทุมธานี	0	0	0	0	0	0	0	0	0
TMS	ธรรมศาสตร์	ปทุมธานี	81.58001	16.102	9.049999	5.1321807	150	3	14.06714916229248	100.6057357788086	1.5133305
TYA	ธัญบุรี	ปทุมธานี	113.060005	43.33506	7.6000004	6.0575	100	2	13.997767448425293	100.67428588867188	5.4599586
BRA	บุรีรัมย์ 1	บุรีรัมย์	95.9	33.142685	23.01	10.432417	100	2	15.022010803222656	103.1081314086914	3.6032364
BRB	บุรีรัมย์ 2	บุรีรัมย์	63.85	24.260609	23.929998	11.082508	50	1	14.955192565917969	103.07125854492188	2.947058
LHA	ละหานทราย	บุรีรัมย์	0	0	0	0	50	1	14.404021263122559	102.81367492675781	0
LHU	ละหานทราย (ช)	บุรีรัมย์	0	0	0	0	25	1	0	0	0
NAR	นางรอง	บุรีรัมย์	26.939999	9.403747	15.21	10.6013775	50	1	14.624419212341309	102.8701171875	1.1628789
NOK	หนองกี่	บุรีรัมย์	79.71	27.709385	30.11	11.915009	100	2	14.69674301147461	102.50151824951172	2.942822
PVA	ประโคนชัย	บุรีรัมย์	68.490005	23.129908	19.96	7.4912825	100	2	0	0	2.0991025
XTA	สตึก	บุรีรัมย์	27.099998	5.5557213	12.6	7.0247993	50	1	15.271493911743164	103.27079772949219	0.6657238
BSG	บ้านสร้าง	ปราจีนบุรี	71.46999	14.951572	31.720001	10.737015	100	2	14.008354187011719	101.24504852294922	1.6725062
KBI	กบินทร์บุรี 1	ปราจีนบุรี	67.78	15.635085	13.91	4.3848667	100	2	14.073310852050781	101.8272705078125	1.9430685
KBJ	กบินทร์บุรี 2	ปราจีนบุรี	103.520004	35.035034	10.87	3.9210167	100	2	14.022639274597168	101.78206634521484	4.3775287
KBK	กบินทร์บุรี 3	ปราจีนบุรี	31.869999	4.5421643	8.7699995	5.377773	50	1	14.059754371643066	101.84146881103516	0.5712745
KBL	กบินทร์บุรี 4	ปราจีนบุรี	38.699997	11.327345	9.700001	7.1609583	100	2	13.914490699768066	101.6520767211914	1.4151831
KBX	กบินทร์บุรี 6 (ช)	ปราจีนบุรี	0	0	0	0	50	1	0	0	0
NSI	นนทรี	ปราจีนบุรี	56.769997	12.255537	35.19	10.5214	100	2	14.010519027709961	101.70252227783203	1.3748977
PAA	ปราจีนบุรี 1	ปราจีนบุรี	85.61	28.98145	14.559999	6.942181	100	2	14.147168159484863	101.31787109375	3.6105533
PAB	ปราจีนบุรี 2	ปราจีนบุรี	41.49	10.286957	9.01	1.2534748	100	2	13.840703010559082	101.54470825195313	1.2579913
PCK	ประจันตคาม	ปราจีนบุรี	38.489998	8.532904	9.25	2.7786431	50	1	14.098499298095703	101.50873565673828	1.041115
SMP	ศรีมหาโพธิ 1	ปราจีนบุรี	85.990005	33.550686	22.32	6.478484	100	2	13.948698997497559	101.51290130615234	4.0837984
SMQ	ศรีมหาโพธิ 2	ปราจีนบุรี	35.04	7.1289716	3.2099998	2.343077	100	2	13.826959609985352	101.52780151367188	0.7622551
CAA	ชะอำ 1	เพชรบุรี	56.81	17.058548	6.92	1.5519829	100	2	12.814993858337402	99.95703125	2.081568
CAB	ชะอำ 2	เพชรบุรี	60.13	20.879862	10.8	4.579329	100	2	12.717710494995117	99.92787170410156	2.516884
CAC	ชะอำ 3	เพชรบุรี	14.08	6.528919	0	0	100	2	12.751605033874512	99.959716796875	0.8201022
CAU	ชะอำ 3 (ช)	เพชรบุรี	33.67	5.850369	0	0	25	1	12.752073287963867	99.95918273925781	0.7340679
KDA	เขื่อนแก่งกระจาน	เพชรบุรี	0	0	0	0	50	2	0	0	0
KHY	เขาย้อย 1	เพชรบุรี	68.06	17.455572	27.11	12.628871	100	2	13.218226432800293	99.81810760498047	2.0378208
KHZ	เขาย้อย 2	เพชรบุรี	77.76	12.977156	27.189999	8.845857	100	2	13.286275863647461	99.78687286376953	1.375526
PBA	เพชรบุรี 1	เพชรบุรี	100.60999	41.76876	1.99	1.99	100	2	13.089743614196777	99.94212341308594	3.9753222
PBB	เพชรบุรี 2	เพชรบุรี	43.06	19.579792	14.33	6.366013	50	1	13.012742042541504	100.04998016357422	2.330503
CDO	เชียงดาว	เชียงใหม่	28.53	9.781777	5.02	3.082581	50	1	19.344127655029297	98.96035766601563	1.232096
CEA	จอมทอง	เชียงใหม่	0	0	0	0	50	2	18.438350677490234	98.689453125	0
CGA	ไชยปราการ	เชียงใหม่	0	0	0	0	50	1	19.7716064453125	99.1606674194336	0
CMA	เชียงใหม่ 1	เชียงใหม่	102.96	32.78582	2.47	2.47	100	2	18.767854690551758	99.00886535644531	4.1309695
CMB	เชียงใหม่ 2	เชียงใหม่	99.49	36.934723	0	0	100	2	18.811601638793945	98.99935913085938	4.6537757
CMC	เชียงใหม่ 3	เชียงใหม่	98.14	31.778532	0	0	100	2	18.717912673950195	98.94290161132813	4.004095
CMD	เชียงใหม่ 4	เชียงใหม่	91.53	29.04545	6.09	5.79	100	2	18.79713249206543	98.96109771728516	3.6595695
CME	เชียงใหม่ 5	เชียงใหม่	22.96	12.200116	0	0	100	2	18.80178451538086	99.01304626464844	0
CMF	เชียงใหม่ 6	เชียงใหม่	29.37	12.668865	5.81	5.476	100	2	18.77733612060547	98.98075103759766	0
CMI	เชียงใหม่ 9	เชียงใหม่	0	0	0	0	50	1	18.765079498291016	99.0008316040039	0
CMU	หายยา (ช)	เชียงใหม่	38.73	11.483915	0	0	25	1	18.774341583251953	98.97946166992188	1.4469733
CMV	เชียงใหม่ 5 (ฟ้าฮ่าม) (ช)	เชียงใหม่	32.34	9.941036	5.7200003	3.6578488	25	3	18.8035888671875	99.01309967041016	1.251657
CMW	เชียงใหม่ 6 (ช้างคลาน) (ช)	เชียงใหม่	0	0	0	0	50	3	18.778663635253906	98.9985580444336	0
CMX	พืชสวนโลก (ช)	เชียงใหม่	0	0	0	0	25	1	0	0	0
DKA	ดอยสะเก็ด	เชียงใหม่	60.429996	18.014582	5.3	5.3	50	2	18.8507080078125	99.08964538574219	2.2528777
FAA	ฝาง	เชียงใหม่	65.32	19.890812	18.77	15.246251	50	1	19.853878021240234	99.19806671142578	2.2856092
FAU	ฝาง (ช)	เชียงใหม่	0	0	0	0	25	1	19.854690551757813	99.19812774658203	0
HOA	ฮอด	เชียงใหม่	12.969999	2.3386123	6.27	3.2540002	75	2	18.222970962524414	98.61219024658203	0.29443166
MRM	แม่ริม	เชียงใหม่	102.16	42.168915	0	0	100	2	18.916362762451172	98.96402740478516	5.3132834
MTA	แม่แตง 1 (ช)	เชียงใหม่	0	0	0	0	25	1	0	0	0
MTU	แม่แตง 2 (ช)	เชียงใหม่	0	0	0	0	40	1	19.09015655517578	98.9105224609375	0
SGA	สันป่าตอง	เชียงใหม่	71.979996	22.297674	17.98	11.280639	100	2	18.635812759399414	98.8979721069336	2.805889
SHA	สารภี	เชียงใหม่	0	0	0	0	50	1	18.698762893676758	99.04930114746094	0
SKP	สันกำแพง	เชียงใหม่	93.020004	36.74947	8.47	4.5	100	2	18.735801696777344	99.08683776855469	4.630248
XSA	สันทราย 1	เชียงใหม่	0	0	0	0	100	2	18.80229949951172	99.03038024902344	0
XSB	สันทราย 2	เชียงใหม่	0	0	0	0	50	1	18.838960647583008	99.0437240600586	0
DOP	ดอนพุด	สระบุรี	58.01	16.873117	16.289999	10.274716	100	2	14.656637191772461	100.59471893310547	1.8439221
KYE	โคกแย้	สระบุรี	43.869995	4.658085	6.59	4.895423	100	2	14.386494636535645	100.9071044921875	0.5801157
MLK	มวกเหล็ก	สระบุรี	45.41	13.519558	15.73	12.081078	100	2	14.631305694580078	101.18406677246094	1.7031722
NOH	หนองแค 1	สระบุรี	74.4	25.461107	3.23	2.9669232	100	2	14.350464820861816	100.85458374023438	3.2078235
NOI	หนองแค 2	สระบุรี	0	0	0	0	0	0	0	0	0
NPL	หนองปลิง	สระบุรี	64.63	19.431877	3.1799998	2.54	100	2	14.374482154846191	100.8340072631836	2.4483597
PJA	พระพุทธบาท 1	สระบุรี	63.819996	19.340508	3.1299999	2.4398265	100	2	14.760261535644531	100.72415924072266	2.4364717
PJB	พระพุทธบาท 2	สระบุรี	82.00001	21.945856	6.1800003	3.2968287	100	2	14.710043907165527	100.83352661132813	2.7305043
PKE	พุแค	สระบุรี	0	0	0	0	100	2	14.768169403076172	100.91374206542969	0
SRA	สระบุรี 1	สระบุรี	83.829994	24.773287	8.24	5.5757527	100	2	14.513398170471191	100.91351318359375	3.1117554
SRB	สระบุรี 2	สระบุรี	53.750004	12.872128	5.33	1.5333182	40	1	14.61393928527832	101.08175659179688	1.5936438
SRD	สระบุรี 4	สระบุรี	48.229996	9.072354	13.030001	7.999357	100	2	14.40883731842041	100.86459350585938	1.142977
SRE	สระบุรี 5	สระบุรี	110.7	35.88455	3.5500002	3.5500002	100	2	14.516403198242188	100.89701080322266	4.5214148
SRF	สระบุรี 6	สระบุรี	43.34	7.1962557	11.18	6.8748465	100	2	14.563634872436523	100.97514343261719	0.90435123
TDA	ตาลเดี่ยว	สระบุรี	79.490005	17.148409	20.11	4.8474708	100	2	14.566253662109375	101.00721740722656	1.6982301
TLA	ท่าลาน 1	สระบุรี	59.25	8.235659	11.21	4.7144117	50	1	14.581713676452637	100.76829528808594	1.0233393
TLC	ท่าลาน 3	สระบุรี	0	0	0	0	0	0	0	0	0
WAM	วังม่วง	สระบุรี	58.15	20.30756	26.82	6.970854	100	2	14.918888092041016	101.20347595214844	2.3296163
WIA	วิหารแดง	สระบุรี	61.319996	17.828672	14.91	2.9736042	50	1	14.378551483154297	100.95735931396484	2.1979632
NAT	นครไทย	พิษณุโลก	27.029999	8.703639	7.18	4.004741	50	1	17.110380172729492	100.81948852539063	1.0936738
PLA	พิษณุโลก 1	พิษณุโลก	76.979996	26.247673	0	0	100	2	16.836450576782227	100.23900604248047	3.3072066
PLC	พิษณุโลก 3	พิษณุโลก	96.08	31.32918	0.95	0.95	100	2	16.785972595214844	100.21745300292969	3.9474545
PLD	พิษณุโลก 4	พิษณุโลก	0	0	0	0	50	1	16.9227352142334	100.17388153076172	0
PLE	พิษณุโลก 5	พิษณุโลก	76.72	19.346832	6.49	4.766314	100	2	16.857402801513672	100.3124771118164	2.4370193
PLZ	พิษณุโลก 6 (ช)	พิษณุโลก	28.85	8.129279	0.64	0.64	25	1	16.775177001953125	100.18356323242188	1.0242703
QRA	พรหมพิราม	พิษณุโลก	27.87	6.2150116	6.8500004	2.4001925	50	1	17.097299575805664	100.14268493652344	0.6525117
WBT	วัดโบสถ์	พิษณุโลก	27.669998	8.583538	3.26	3.0900002	50	2	16.956026077270508	100.33818817138672	1.0814898
WGT	วังทอง	พิษณุโลก	87.96	34.34036	22.23	15.940212	100	2	16.82965660095215	100.4093246459961	4.3211994
BPA	บ้านโป่ง 1	ราชบุรี	91.17999	35.889217	13.16	10.065001	100	3	13.791650772094727	99.95775604248047	4.5218697
BPB	บ้านโป่ง 2	ราชบุรี	90.799995	31.829834	33.66	16.675861	80	2	13.912857055664063	99.93963623046875	3.447682
BPC	บ้านโป่ง 3	ราชบุรี	0	0	0	0	100	2	13.7962007522583	99.95691680908203	0
CBN	จอมบึง	ราชบุรี	73.75	26.172207	19.289999	7.141476	100	2	13.783689498901367	99.447998046875	3.2636902
DNA	ดำเนินสะดวก	ราชบุรี	92.13	42.34435	1.99	1.99	100	2	13.738384246826172	99.99310302734375	5.335361
NOM	หนองปลาหมอ	ราชบุรี	43.719997	19.962282	7.58	3.050837	50	1	13.831345558166504	99.6453857421875	2.4609482
PTH	ปากท่อ	ราชบุรี	92.62	38.42116	2.35	2.085	100	2	13.361795425415039	99.86241149902344	4.841012
PTR	โพธาราม 1	ราชบุรี	88.549995	31.633272	7.4599996	6.6598387	100	2	13.682455062866211	99.87887573242188	3.9845471
PTS	โพธาราม 2	ราชบุรี	33.97	8.517803	3.28	2.582902	50	1	13.719883918762207	99.80282592773438	1.0717194
RBA	ราชบุรี 1	ราชบุรี	84.020004	20.421782	30.599998	20.70665	75	2	13.528940200805664	99.79930114746094	2.507739
RBB	ราชบุรี 2	ราชบุรี	73.770004	26.485273	4.52	2.7236454	100	2	13.505419731140137	99.79492950439453	3.325383
RBC	ราชบุรี 3	ราชบุรี	48.91	18.22358	0	0	100	2	13.563750267028809	99.78826904296875	2.2961707
RBU	ราชบุรี 3 (ช)	ราชบุรี	29.41	13.248538	4.52	4.235965	25	1	13.532869338989258	99.79508972167969	1.6691674
RIU	นิคมอุตสาหกรรมราชบุรี (ช)	ราชบุรี	19.48	5.122346	0	0	50	1	0	0	0.6454156
XPA	สวนผึ้ง	ราชบุรี	0	0	0	0	50	1	13.542143821716309	99.40276336669922	0
BCA	บ้านไผ่	ขอนแก่น	73.020004	30.04472	21.73	14.337063	100	2	16.079313278198242	102.72368621826172	2.8868325
CHA	ชุมแพ	ขอนแก่น	64.72	18.500313	15.640001	6.797733	100	2	16.660619735717773	101.73721313476563	2.4372606
KKA	ขอนแก่น 1	ขอนแก่น	140.54001	46.412373	23.67	13.570925	125	3	16.41356658935547	102.81656646728516	5.8206215
KKB	ขอนแก่น 2	ขอนแก่น	95.47	37.304607	5.48	0.80890715	100	2	16.419109344482422	102.87144470214844	4.681167
KKC	ขอนแก่น 3	ขอนแก่น	104.439995	45.085102	11.97	5.197747	100	3	16.50704574584961	102.80152130126953	5.4353886
KKD	ขอนแก่น 4	ขอนแก่น	0	0	0	0	50	1	16.413373947143555	102.74658966064453	0
KKE	ขอนแก่น 5	ขอนแก่น	0	0	0	0	100	2	16.334396362304688	102.82925415039063	0
KKV	ขอนแก่น 7 (ช)	ขอนแก่น	0	0	0	0	50	1	16.486446380615234	102.88821411132813	0
KRA	กระนวน	ขอนแก่น	73.26	24.689455	21.65	8.054356	100	2	16.68857765197754	103.11732482910156	2.9992929
NOA	หนองเรือ	ขอนแก่น	73.170006	24.554	37.089996	12.717036	100	2	16.487401962280273	102.4634017944336	2.398566
NQA	น้ำพอง	ขอนแก่น	68.18	15.557285	29.08	14.26762	50	2	16.675029754638672	102.79383850097656	1.5455056
POA	พล	ขอนแก่น	34.11	8.82253	17.71	9.5144005	100	2	15.807082176208496	102.5765609741211	0.91396296
BEA	บางเลน 1	นครปฐม	88.920006	28.507652	46.510002	17.715914	100	2	14.039125442504883	100.16815185546875	3.3534727
BEU	บางเลน 2 (ช)	นครปฐม	31.890001	11.432685	4.26	2.852143	25	1	13.897576332092285	100.28117370605469	1.4396802
BEV	บางเลน 3 (ช)	นครปฐม	22.1	9.561126	10.3	5.278055	25	1	14.01008129119873	100.23113250732422	1.1080966
DTM	ดอนตูม	นครปฐม	93.86	29.280613	28.7	12.26188	100	2	13.978355407714844	100.09181213378906	3.598735
KSA	กำแพงแสน	นครปฐม	103.329994	34.44233	27.5	9.12289	100	2	13.987753868103027	99.99341583251953	3.8560064
NCA	นครชัยศรี 1	นครปฐม	68.86	21.928696	0.51	0.2512801	150	4	13.74979019165039	100.18804931640625	2.760887
NCB	นครชัยศรี 2	นครปฐม	78.049995	25.597658	4.0600004	1.7695684	100	2	13.865042686462402	100.20762634277344	3.1825795
NPT	นครปฐม 1	นครปฐม	106.66	39.16899	7.0699997	3.1024601	100	2	13.80057144165039	100.09501647949219	4.9194794
NPU	นครปฐม 2	นครปฐม	104.21	38.433563	24.09	15.962871	100	2	13.874014854431152	99.9981689453125	4.4970913
NPV	นครปฐม 3	นครปฐม	94.48	34.938866	7.92	5.88	100	2	13.811586380004883	100.07880401611328	3.961688
NPW	นครปฐม 4 (ช)	นครปฐม	0	0	0	0	50	1	13.798517227172852	100.02735137939453	0
OYI	อ้อมใหญ่ 1	นครปฐม	93.97	19.005178	15.95	12.533299	100	2	13.729659080505371	100.25006103515625	2.3286295
OYK	อ้อมใหญ่ 2	นครปฐม	92.79	39.850533	12.349999	10.055366	100	2	13.723891258239746	100.2980728149414	5.020367
OYL	อ้อมใหญ่ 3	นครปฐม	82.350006	33.7308	7.1800003	5.5	100	2	13.700196266174316	100.26448822021484	4.250035
PMB	พุทธมณฑล 2	นครปฐม	94.48999	30.643278	21.58	12.894107	100	2	13.802852630615234	100.30236053466797	3.8605742
SAB	สามพราน 2	นครปฐม	75.2	22.576115	20.48	15.831707	100	2	13.731586456298828	100.22893524169922	2.765734
SAC	สามพราน 3	นครปฐม	67.270004	14.729507	17.94	8.20056	50	1	13.781563758850098	100.23723602294922	1.8487632
SAD	สามพราน 4	นครปฐม	67.89	20.95514	9.94	3.643303	50	1	13.722332000732422	100.25283813476563	2.0575888
SAV	สามพราน 5 (ช)	นครปฐม	0	0	0	0	50	1	0	0	0
SLY	ศาลายา	นครปฐม	78.96	22.58917	3.2	3.2	100	2	13.808643341064453	100.32244110107422	2.8461888
BLU	บางกล่ำ	สงขลา	0	0	0	0	25	1	0	0	0
CHN	จะนะ	สงขลา	66.22	17.773987	15.75	8.882145	100	2	0	0	1.5387824
CLU	ฉลุง	สงขลา	59.58	19.322237	11.09	2.5340397	50	1	0	0	1.993953
DDA	ด่านนอก	สงขลา	38.42	8.150962	20.880001	12.256783	50	1	0	0	0.98098165
GOA	คลองแงะ	สงขลา	0	0	0	0	50	1	0	0	0
HYA	หาดใหญ่ 1	สงขลา	93.06	28.273561	5.8199997	2.4224179	100	2	0	0	3.509453
HYB	หาดใหญ่ 2	สงขลา	95.01999	25.352713	3.23	1.3721092	100	2	0	0	3.1719155
HYC	หาดใหญ่ 3	สงขลา	93.229996	41.059635	12.660001	9.019113	100	2	0	0	4.6822834
HYD	หาดใหญ่ 4	สงขลา	102.670006	37.43025	8.929999	1.9523236	100	2	0	0	4.598206
HYE	หาดใหญ่ 5	สงขลา	0	0	0	0	100	2	0	0	0
NJA	นาทวี	สงขลา	9.67	4.152652	0	0	50	1	0	0	0.5230364
PAL	พังลา	สงขลา	48.149998	12.217363	12.88	10.449472	100	2	0	0	1.3894686
ROA	ระโนด	สงขลา	68.21001	19.113686	1.83	0.5450428	100	2	0	0	2.3880143
RTP	รัตภูมิ	สงขลา	105.13	27.920473	9.08	5.18	100	2	0	0	3.5178688
SBY	สะบ้าย้อย	สงขลา	67.5	19.511772	18.720001	14.879476	100	2	0	0	1.9023235
SHN	สิงหนคร	สงขลา	43.95	15.302788	15.029999	12.348437	50	1	0	0	1.9169015
SLA	สงขลา 1	สงขลา	76.409996	13.372351	0	0	150	3	0	0	1.684595
SLB	สงขลา 2	สงขลา	108.63	30.373398	15.02	13.32826	100	2	0	0	3.8262677
SLC	สงขลา 3 (ช)	สงขลา	30.250002	8.628546	2.12	1.5192592	25	1	0	0	0.841411
SLU	สงขลา 2 (ช)	สงขลา	11.09	0.049581617	0	0	25	1	0	0	0
SQA	สะเดา 1	สงขลา	58.749996	11.279468	21.169998	12.771419	50	2	0	0	1.23407
SQB	สะเดา 2 (ช)	สงขลา	31.31	8.5241	9.16	1.5101712	25	1	0	0	1.0656307
SQU	สะเดา 3 (ช)	สงขลา	2.44	0.07396353	0.08	0.07999427	25	1	0	0	0.0000004315068
STU	สทิงพระ (ช)	สงขลา	0	0	0	0	25	1	0	0	0
TUA	ทุ่งลุง	สงขลา	67.64	18.809454	14.92	12.9310465	100	2	0	0	2.3552854
BOA	บ้านดอน 1	สุราษฎร์ธานี	118.16	42.80116	3.4899998	2.7975	100	2	0	0	5.3927865
BOB	บ้านดอน 2	สุราษฎร์ธานี	67.08	23.564445	0.78999996	0.72999996	100	2	0	0	2.968414
CAY	ไชยา	สุราษฎร์ธานี	74.380005	24.216902	32.67	12.057624	100	2	0	0	2.7482738
CLA	เขื่อนรัชชประภา (ช)	สุราษฎร์ธานี	0	0	0	0	50	2	0	0	0
KCD	กาญจนดิษฐ์	สุราษฎร์ธานี	101.39	39.858635	4.24	1.8910558	100	2	0	0	5.017957
KFU	เกาะพะงัน (ช)	สุราษฎร์ธานี	0	0	0	0	25	1	0	0	0
KMU	เกาะสมุย 3 (ช)	สุราษฎร์ธานี	0	0	0	0	50	1	0	0	0
PPA	พุนพิน 1	สุราษฎร์ธานี	113.59	34.059517	6.55	1.2538203	100	2	0	0	4.2874947
PPB	พุนพิน 2	สุราษฎร์ธานี	113.08	30.234243	45.57	29.39838	100	2	0	0	3.0470655
QSA	พระแสง	สุราษฎร์ธานี	0	0	0	0	50	1	0	0	0
WSA	เวียงสระ	สุราษฎร์ธานี	102.28999	33.588043	35.030003	13.804306	100	2	0	0	3.969788
BTA	บรรพตพิสัย	นครสวรรค์	0	0	0	0	25	3	15.970752716064453	100.00608825683594	0
LAA	ลาดยาว	นครสวรรค์	62.18	19.024918	20.09	9.685598	100	2	16.0794734954834	100.1126937866211	2.13304
NOB	หนองบัว	นครสวรรค์	41.079998	14.580482	5.7299995	4.073477	25	1	16.013809204101563	100.62989807128906	1.8336288
NSA	นครสวรรค์ 1	นครสวรรค์	122.3	38.33766	5.92	4.1956663	100	2	15.704111099243164	100.10282135009766	4.8296275
NSB	นครสวรรค์ 2	นครสวรรค์	100.38	39.227715	11.96	6.173649	100	2	15.715553283691406	100.17445373535156	4.940269
NSC	นครสวรรค์ 3	นครสวรรค์	0	0	0.01	0.010000006	50	3	16.039073944091797	100.11711120605469	0
QHA	พยุหะคีรี	นครสวรรค์	44.839996	6.4124746	3.37	1.631237	100	3	15.449831008911133	100.14547729492188	0.8077035
TCA	ท่าตะโก	นครสวรรค์	52.989998	16.456264	4.55	2.0041986	50	2	15.599632263183594	100.42345428466797	2.028193
TKB	ตาคลี 2	นครสวรรค์	66.71	24.230537	6.73	2.6782856	100	2	15.249783515930176	100.2864990234375	2.9967005
BUY	บัวใหญ่	นครราชสีมา	79.18	23.576256	35.09	17.41534	50	1	15.551025390625	102.51771545410156	2.436467
BZA	บ้านเหลื่อม	นครราชสีมา	0	0	0	0	50	1	15.605039596557617	102.12367248535156	0
CCI	โชคชัย 1	นครราชสีมา	90.4	35.138252	25.439999	9.695517	100	2	14.74018669128418	102.09080505371094	3.861098
CCU	โชคชัย 2 (ช)	นครราชสีมา	0	0	0	0	50	1	0	0	0
CUM	ชุมพวง	นครราชสีมา	53.02	19.392334	22.07	16.182869	50	1	15.358675003051758	102.78495025634766	2.1744184
DTA	ด่านขุนทด 1	นครราชสีมา	74.37	23.369865	38.38	11.452961	50	1	15.140841484069824	101.73063659667969	2.7090642
DTU	ด่านขุนทด 3 (ช)	นครราชสีมา	0	0	0	0	50	1	0	0	0
DTV	ด่านขุนทด 2 (ช)	นครราชสีมา	0	0	0	0	25	1	0	0	0
HTA	หัวทะเล	นครราชสีมา	52.239998	7.63569	22.62	3.8315709	100	2	18.002532958984375	100.46849822998047	0.73522043
HTL	ห้วยแถลง	นครราชสีมา	60.399994	17.903576	29.420002	10.719185	50	2	15.004128456115723	102.58577728271484	2.0635478
KGA	คง	นครราชสีมา	69.24	22.960419	28.289999	16.574883	100	2	15.297297477722168	102.41720581054688	2.6153522
KON	ครบุรี	นครราชสีมา	66.009995	13.259125	18.9	11.537862	100	2	14.497146606445313	102.30338287353516	1.5406033
KOT	โคกกรวด 1 (นวนคร)	นครราชสีมา	79.31	23.233358	0.89	0.86	100	2	14.88447380065918	101.90103912353516	2.8641975
KOU	โคกกรวด 2 (ช)	นครราชสีมา	40.89	14.328538	7.3900003	1.5789661	25	1	14.923491477966309	101.95535278320313	0.9750527
NRA	นครราชสีมา 1	นครราชสีมา	92.07	23.849072	6.84	4.5693336	100	2	14.994790077209473	102.10343170166016	3.0048995
NRB	นครราชสีมา 2	นครราชสีมา	54.659996	10.137201	0.48	0.2875	100	2	14.950516700744629	102.01773834228516	1.27722
NRC	นครราชสีมา 3	นครราชสีมา	81.31	25.464195	22.859999	16.254557	100	2	15.094829559326172	102.10733032226563	3.1905987
NRD	นครราชสีมา 4	นครราชสีมา	101.72	32.89053	8.57	2.652234	100	2	14.954814910888672	102.12275695800781	4.0363584
NRE	นครราชสีมา 5	นครราชสีมา	58.92	20.00184	21.88	10.327118	50	1	14.952808380126953	102.05472564697266	2.4930828
NRF	นครราชสีมา 6	นครราชสีมา	61.22	16.012074	2.01	2.01	100	2	14.974061012268066	102.08314514160156	2.0175037
NRU	นครราชสีมา 7 (ช)	นครราชสีมา	0	0	0	0	50	1	0	0	0
NZA	โนนสูง	นครราชสีมา	0	0	0	0	50	1	15.097795486450195	102.27933502197266	0
PCA	ปากช่อง 1	นครราชสีมา	105.96	31.955093	3.04	1.2329967	100	2	14.700350761413574	101.446533203125	4.0103683
PCB	ปากช่อง 2	นครราชสีมา	68.05	24.507933	13.169999	11.192779	50	1	14.652929306030273	101.30921173095703	3.086367
PCC	ปากช่อง 3	นครราชสีมา	78.68001	23.778666	12.75	11.379253	100	2	14.57698917388916	101.4011459350586	2.9950716
PRV	ประทาย (ช)	นครราชสีมา	0	0	0	0	25	1	15.634865760803223	102.83333587646484	0
PWA	ปักธงชัย	นครราชสีมา	0	0	0	0	50	1	14.363933563232422	101.83844757080078	0
SFA	สีคิ้ว 1	นครราชสีมา	78.81999	25.067522	19.55	10.972249	100	2	14.870162963867188	101.7723617553711	2.5521421
SFB	สีคิ้ว 2	นครราชสีมา	50.3	11.109257	18.1	13.928681	50	1	14.84091567993164	101.59910583496094	1.3984656
XEA	เสิงสาง	นครราชสีมา	31.26	6.3160615	14.209999	5.620506	50	1	14.432156562805176	102.48467254638672	0.7764866
XNA	สูงเนิน	นครราชสีมา	47	16.239336	22.7	12.386633	50	1	14.903826713562012	101.91642761230469	2.0372114
CDA	ชัยบาดาล 1	ลพบุรี	0	0	0	0	100	2	15.206425666809082	101.10448455810547	0
CDB	ชัยบาดาล 2	ลพบุรี	77.72	24.350943	30.21	12.656522	100	2	15.077529907226563	100.97366333007813	2.5562773
KSR	โคกสำโรง	ลพบุรี	66.16	18.778786	32.489998	8.857204	50	1	15.06859302520752	100.69351196289063	2.138621
LBA	ลพบุรี 1	ลพบุรี	89.33	32.2489	0	0	100	2	14.7921142578125	100.65168762207031	3.643158
LBB	ลพบุรี 2	ลพบุรี	0	0	0	0	100	2	0	0	0
LBC	ลพบุรี 3 (ช)	ลพบุรี	25.210001	8.468745	7.16	5.5439997	25	1	14.766861915588379	100.71316528320313	1.0669289
NUA	หนองม่วง	ลพบุรี	32.54	13.595264	2.66	1.3723333	50	3	15.257158279418945	100.64425659179688	1.7123888
PXA	พัฒนานิคม 1	ลพบุรี	85.97	20.297897	35.09	14.206138	100	2	14.86388874053955	100.9164810180664	2.29917
PXB	พัฒนานิคม 2	ลพบุรี	0	0	0	0	100	3	14.80196762084961	100.91151428222656	0
TWA	ท่าวุ้ง	ลพบุรี	0	0	0	0	50	2	14.851885795593262	100.46379852294922	0
GTU	ภูเก็ต 5 (ช)	ภูเก็ต	0	0	0	0	50	1	0	0	0
KRN	กะรน	ภูเก็ต	117.27	33.46804	27.670002	19.151798	100	2	0	0	3.7650836
PAT	ป่าตอง	ภูเก็ต	146.90001	42.57848	5.74	4.2336526	150	3	0	0	5.35815
PKA	ภูเก็ต 1	ภูเก็ต	115.65	39.760536	10.3	8.363027	100	2	0	0	5.007451
PKB	ภูเก็ต 2	ภูเก็ต	111.43001	29.665565	1.99	1.99	113	4	0	0	3.7378142
PKC	ภูเก็ต 3	ภูเก็ต	89.6	20.362665	27.92	14.37244	100	2	0	0	2.3012052
PKD	ภูเก็ต 4	ภูเก็ต	0	0	0	0	100	2	0	0	0
PKU	ภูเก็ต 3 (ช)	ภูเก็ต	0	0	0	0	50	1	0	0	0
TLG	ถลาง 1	ภูเก็ต	120.51001	35.184517	40.68	21.577515	100	2	0	0	4.4314365
TLH	ถลาง 2	ภูเก็ต	111.03999	30.45394	14.48	7.4791265	100	2	0	0	3.7451367
TLU	ถลาง 3 (ช)	ภูเก็ต	0	0	0	0	50	1	0	0	0
RNA	ระนอง 1	ระนอง	46.94	7.134034	4.05	2.050735	63	2	9.742683410644531	98.59456634521484	0.88940644
RNB	ระนอง 2	ระนอง	107.47	29.53189	1.72	1.3475	100	2	10.002864837646484	98.65724182128906	3.7209547
SSA	สมุทรสงคราม	สมุทรสงคราม	80.59	32.32666	4.67	3.401771	100	2	13.45059871673584	100.08061218261719	4.065215
