กระบี่	54095.07	68865.23	85989.7	105979.445	129470.65	157258.92	190343.4	229984.22	277777.25	335752.13	406500.6	493346.13	600567.5	733696.25	899912.1
กาญจนบุรี	38016.133	48396.086	60430.57	74478.67	90987.47	110516.09	133766.7	161624.88	195212.16	235954.88	285674.44	346706.4	422057.88	515616.13	632426.9
กาฬสินธุ์	1455.2887	1852.6418	2313.3318	2851.1045	3483.075	4230.6465	5120.699	6187.133	7472.882	9032.547	10935.853	13272.207	16156.723	19738.209	24209.82
กำแพงเพชร	30058.643	38265.875	47781.32	58888.883	71942.08	87383	105766.83	127793.76	154350.6	186565.1	225877.44	274134.28	333713.25	407688	500048.13
ขอนแก่น	173108.53	220374.2	275173.88	339142.66	414316.38	503241	609114	735967.7	888909.25	1074433.3	1300834.3	1578746.8	1921863.5	2347886	2879790.5
จันทบุรี	41829.1	53250.15	66491.67	81948.77	100113.39	121600.69	147183.31	177835.63	214791.66	259620.8	314327.2	381480.6	464389.7	567331.75	695858.4
ฉะเชิงเทรา	100676.53	128165.33	160035.75	197238.75	240958.31	292675.13	354248.78	428024.44	516972.25	624869.5	756539.75	918168.25	1117718.4	1365484.8	1674829.8
ชลบุรี	257234.6	327470.13	408901	503956.84	615663	747802.6	905127	1093628.3	1320895.3	1596579.1	1933004.8	2345975.3	2855838	3488896	4279291
ชัยนาท	2637.2632	3357.3428	4192.201	5166.749	6312.001	7666.745	9279.691	11212.275	13542.299	16368.711	19817.867	24051.79	29279.088	35769.43	43872.848
ชัยภูมิ	34970.84	44519.305	55589.766	68512.54	83698.9	101663.17	123051.29	148677.88	179574.66	217053.66	262790.44	318933.44	388248.88	474312.66	581766.25
ชุมพร	6453.214	8215.204	10258.05	12642.704	15445.062	18760.035	22706.809	27435.715	33137.133	40053.184	48493.047	58853.188	71644.04	87525.49	107354.04
ตรัง	19863.11	25286.545	31574.463	38914.473	47540.188	57743.72	69891.97	84447.64	101996.7	123284.43	149262.5	181151.19	220521.67	269405.06	330437.72
ตราด	2629.1978	3347.076	4179.382	5150.948	6292.698	7643.299	9251.3125	11177.986	13500.885	16318.653	19757.262	23978.238	29189.549	35660.04	43738.68
ตาก	28167.844	35858.813	44775.695	55184.555	67416.66	81886.28	99113.695	119755.055	144641.36	174829.45	211668.89	256890.2	312721.44	382042.9	468593.2
นครนายก	14261.648	18155.66	22670.367	27940.473	34133.707	41459.82	50182.227	60633.15	73233.33	88517.85	107170.016	130066.016	158333.9	193432.03	237253.28
นครปฐม	101975.91	129819.47	162101.22	199784.38	244068.2	296452.5	358820.8	433548.63	523644.4	632934.2	766303.9	930018.4	1132143.9	1383108	1696445.5
นครพนม	3778.0156	4809.5674	6005.546	7401.6353	9042.269	10983.01	13293.639	16062.164	19400.043	23449.025	28390.121	34455.438	41943.813	51241.563	62850.133
นครราชสีมา	158863.06	202239.16	252529.28	311233.9	380221.44	461828.3	558988.75	675403.4	815759.1	986016.1	1193785.9	1448828.3	1763709.5	2154673.8	2642806.5
นครศรีธรรมราช	14960.918	19045.857	23781.924	29310.43	35807.324	43492.65	52642.727	63606.066	76824.05	92858	112424.71	136443.31	166097.22	202916.28	248886.13
นครสวรรค์	92723.3	118040.53	147393.25	181657.28	221923.11	269554.4	326263.88	394211.38	476132.5	575506.1	696774.75	845634.9	1029420.94	1257614.5	1542521.8
นราธิวาส	8487.99	10805.559	13492.537	16629.104	20315.08	24675.303	29866.543	36086.535	43585.684	52682.44	63783.496	77410.32	94234.3	115123.35	141204.1
น่าน	17738.574	22581.926	28197.293	34752.223	42455.336	51567.52	62416.406	75415.2	91087.25	110098.07	133297.56	161775.47	196934.94	240589.81	295094.5
บึงกาฬ	3587.7407	4567.3403	5703.085	7028.8623	8586.867	10429.864	12624.121	15253.213	18422.986	22268.047	26960.29	32720.133	39831.367	48660.848	59684.766
บุรีรัมย์	69904.34	88991.08	111120.17	136951.92	167308.42	203217.8	245971.22	297197.03	358957.56	433875.56	525300.25	637526.3	776083.2	948118.75	1162911.3
ปทุมธานี	159567.69	203136.16	253649.33	312614.34	381907.88	463876.63	561468.1	678399.1	819377.25	990389.5	1199080.8	1455254.5	1771532.3	2164230.5	2654528
ประจวบคีรีขันธ์	5639.243	7178.987	8964.161	11048.029	13496.914	16393.756	19842.709	23975.14	28957.418	35001.117	42376.43	51429.8	62607.297	76485.56	93813.055
ปราจีนบุรี	92454.695	117698.59	146966.28	181131.06	221280.22	268773.56	325318.75	393069.44	474753.22	573838.9	694756.25	843185.1	1026438.75	1253971.3	1538053.3
ปัตตานี	6591.216	8390.887	10477.419	12913.069	15775.356	19161.219	23192.396	28022.432	33845.777	40909.727	49530.08	60111.773	73176.16	89397.234	109649.82
พระนครศรีอยุธยา	118800.44	151237.8	188845.56	232745.88	284335.9	345362.84	418021.06	505077.88	610038.1	737359.1	892732.9	1083458	1318931.3	1611300.8	1976334.5
พะเยา	3952.7578	5032.0215	6283.317	7743.979	9460.494	11491	13908.502	16805.078	20297.342	24533.598	29703.23	36049.082	43883.813	53611.61	65757.09
พังงา	12915.986	16442.578	20531.297	25304.137	30913.004	37547.855	45447.258	54912.08	66323.36	80165.7	97057.94	117793.56	143394.23	175180.66	214867.13
พัทลุง	4510.4395	5741.973	7169.8096	8836.552	10795.246	13112.227	15870.805	19176.05	23161.03	27994.965	33893.965	41135.13	50075.234	61175.484	75034.55
พิจิตร	4867.3916	6196.3877	7737.2217	9535.867	11649.57	14149.916	17126.805	20693.623	24993.965	30210.457	36576.297	44390.523	54038.133	66016.86	80972.72
พิษณุโลก	72322.586	92069.6	114964.234	141689.58	173096.25	210247.84	254480.22	307478.13	371375.2	448884.88	543472.3	659580.75	802930.75	980917.6	1203140.5
ภูเก็ต	67655.09	86127.7	107544.77	132545.36	161925.11	196679.06	238056.81	287634.38	347407.72	419915.2	508398.25	617013.4	751111.94	917612.1	1125493.5
มหาสารคาม	10607.598	13503.902	16861.871	20781.695	25388.125	30837.176	37324.766	45098	54469.824	65838.22	79711.414	96741.1	117766.33	143871.78	176465.34
มุกดาหาร	3739.4832	4760.5137	5944.2944	7326.1455	8950.045	10870.992	13158.055	15898.344	19202.18	23209.865	28100.564	34104.016	41516.016	50718.938	62209.11
ยะลา	8133.4277	10354.184	12928.923	15934.469	19466.47	23644.557	28618.95	34579.117	41765.008	50481.773	61119.117	74176.71	90297.91	110314.39	135305.67
ยโสธร	19598.008	24949.063	31153.06	38395.105	46905.695	56973.055	68959.17	83320.56	100635.42	121639.05	147270.39	178733.5	217578.55	265809.53	326027.63
ระนอง	18888.139	24045.371	30024.648	37004.383	45206.703	54909.41	66461.37	80302.57	96990.26	117233.09	141936.03	172259.5	209697.52	256181.5	314218.38
ระยอง	158124.34	201298.72	251354.97	309786.66	378453.38	459680.75	556389.4	672262.7	811965.6	981431	1188234.5	1442091	1755508	2144654.3	2630517
ราชบุรี	111180.484	141537.28	176732.88	217817.38	266098.38	323211.03	391208.84	472681.75	570909.8	690064.4	835472.25	1013963.94	1234333.8	1507950.6	1849570.8
ร้อยเอ็ด	9302.557	11842.533	14787.376	18224.947	22264.656	27043.313	32732.746	39549.65	47768.465	57738.22	69904.61	84839.16	103277.664	126171.39	154755
ลพบุรี	58912.688	74998.24	93647.8	115417.79	141001.1	171264.11	207295.03	250466.19	302515.6	365653.56	442702.8	537282.6	654053	799037.9	980056.8
ลำปาง	28200.703	35900.64	44827.93	55248.93	67495.305	81981.81	99229.32	119894.76	144810.11	175033.42	211915.84	257189.89	313086.25	382488.63	469139.88
ลำพูน	13047.416	16609.895	20740.217	25561.627	31227.568	37929.938	45909.72	55470.855	66998.26	80981.45	98045.586	118992.22	144853.4	176963.28	217053.6
ศรีสะเกษ	7042.5576	8965.463	11194.873	13797.309	16855.594	20473.309	24780.525	29941.305	36163.41	43711.08	52921.72	64228.008	78186.99	95518.84	117158.25
สกลนคร	12548.281	15974.471	19946.787	24583.75	30032.938	36478.902	44153.414	53348.78	64435.195	77883.46	94294.8	114440.09	139311.94	170193.44	208750.08
สงขลา	140138.89	178402.5	222765.25	274550.75	335407.13	407395.53	493104.25	595797.94	719610.75	869800.6	1053082	1278064.3	1555832.5	1900716.3	2331316
สตูล	2510.3135	3195.731	3990.4023	4918.0376	6008.161	7297.6924	8832.996	10672.551	12890.414	15580.7705	18863.895	22894.01	27869.68	34047.598	41760.94
สมุทรสงคราม	9199.131	11710.869	14622.971	18022.324	22017.117	26742.65	32368.828	39109.938	47237.383	57096.29	69127.414	83895.92	102129.44	124768.625	153034.45
สมุทรสาคร	87707.164	111654.8	139419.6	171830	209917.53	254972.1	308613.7	372885.38	450374.72	544372.4	659080.6	799887.75	973731.4	1189580.1	1459074.5
สระบุรี	78047.38	99357.5	124064.375	152905.22	186797.9	226890.31	274624	331817	400771.94	484417	586491.6	711790.75	866487.8	1058563.5	1298376.8
สระแก้ว	53943.297	68672.016	85748.445	105682.09	129107.41	156817.7	189809.34	229338.9	276997.88	334810.06	405360.06	491961.88	598882.5	731637.6	897387.2
สิงห์บุรี	1984.2947	2526.088	3154.2412	3887.4973	4749.1924	5768.511	6982.103	8436.191	10189.316	12315.929	14911.097	18096.73	22029.781	26913.16	33010.227
สุพรรณบุรี	33674.46	42868.96	53529.035	65972.75	80596.15	97894.484	118489.734	143166.34	172917.75	209007.38	253048.69	307110.44	373856.3	456729.66	560199.9
สุราษฎร์ธานี	118282.56	150578.52	188022.34	231731.28	283096.4	343857.34	416198.8	502876.13	607378.9	734144.9	888841.25	1078734.8	1313181.6	1604276.8	1967719.4
สุรินทร์	10118.918	12881.795	16085.064	19824.307	24218.525	29416.543	35605.258	43020.39	51960.46	62805.125	76039.2	92284.35	112340.97	137243.77	168335.8
สุโขทัย	4597.0635	5852.2495	7307.509	9006.26	11002.571	13364.051	16175.607	19544.332	23605.84	28532.611	34544.906	41925.14	51036.938	62350.375	76475.61
หนองคาย	4707.2856	5992.5664	7482.717	9222.199	11266.375	13684.475	16563.445	20012.938	24171.828	29216.73	35373.176	42930.36	52260.633	63845.336	78309.234
หนองบัวลำภู	4558.829	5803.575	7246.7305	8931.353	10911.061	13252.898	16041.072	19381.777	23409.504	28295.3	34257.586	41576.438	50612.453	61831.797	75839.53
อำนาจเจริญ	11489.672	14626.82	18264.02	22509.797	27499.275	33401.44	40428.508	48848.125	58999.258	71312.99	86339.81	104785.6	127559.19	155835.44	191139.31
อุดรธานี	18794.492	23926.152	29875.787	36820.91	44982.563	54637.164	66131.85	79904.44	96509.38	116651.85	141232.31	171405.44	208657.84	254911.34	312660.5
อุตรดิตถ์	17542.92	22332.852	27886.285	34368.914	41987.066	50998.742	61727.97	74583.41	90082.59	108883.71	131827.31	159991.13	194762.8	237936.19	291839.7
อุทัยธานี	17802.793	22663.68	28299.379	34878.04	42609.04	51754.21	62642.375	75688.234	91417.016	110496.66	133780.13	162361.13	197647.9	241460.83	296162.78
อุบลราชธานี	71851.89	91470.39	114216.016	140767.44	171969.69	208879.5	252824	305477	368958.16	445963.38	539935.25	655287.9	797705	974533.5	1195310.3
อ่างทอง	11019.212	14027.905	17516.178	21588.104	26373.281	32033.771	38773.11	46847.977	56583.453	68392.984	82804.516	100495.01	122336.09	149454.53	183312.86
เชียงราย	69669.86	88692.56	110747.44	136492.53	166747.22	202536.13	245146.13	296200.13	357753.5	432420.22	523538.28	635387.9	773479.94	944938.5	1159010.5
เชียงใหม่	172886.72	220091.84	274821.3	338708.13	413785.5	502596.25	608333.5	735024.75	887770.25	1073056.8	1299167.5	1576723.8	1919401.3	2344878	2876100.5
เพชรบุรี	69284.84	88202.42	110135.41	135738.22	165825.7	201416.86	243791.39	294563.22	355776.47	430030.5	520645	631876.5	769205.4	939716.4	1152605.4
เพชรบูรณ์	37920.547	48274.402	60278.625	74291.41	90758.695	110238.23	133430.39	161218.5	194721.34	235361.61	284956.2	345834.72	420996.72	514319.75	630836.75
เลย	27737.709	35311.234	44091.953	54341.867	66387.19	80635.84	97600.2	117926.34	142432.64	172159.75	208436.64	252967.4	307946.06	376208.97	461437.6
แพร่	3996.9658	5088.3	6353.59	7830.588	9566.302	11619.514	14064.055	16993.025	20524.348	24807.984	30035.434	36452.258	44374.61	54211.2	66492.53
แม่ฮ่องสอน	7189.8203	9152.934	11428.962	14085.814	17208.05	20901.412	25298.695	30567.387	36919.6	44625.086	54028.33	65571.03	79821.914	97516.164	119608.06
