กระบี่	31868.566	41598.094	52572.996	65029.516	79254.85	95599.77	114494.5	136469.08	162179.33	192440.28	228269.25	270941.56	322062.97	383664.28	458325.1
กาญจนบุรี	22396.121	29233.691	36946.473	45700.484	55697.56	67184.195	80462.75	95905.71	113973.97	135240.31	160419.66	190408.25	226334.6	269625.88	322094.88
กาฬสินธุ์	857.3418	1119.0897	1414.3413	1749.4519	2132.1482	2571.8662	3080.1804	3671.3496	4363.0176	5177.111	6140.997	7288.9854	8664.276	10321.5	12330.058
กำแพงเพชร	17708.191	23114.531	29212.883	36134.51	44039.01	53121.285	63620.387	75830.84	90117.08	106931.984	126840.83	150552.27	178958.56	213188.16	254674.42
ขอนแก่น	101981.945	133117.2	168237.78	208099.63	253621.83	305926.88	366391.5	436711.88	518986.72	615824.1	730479.75	867034.5	1030627.06	1227756.1	1466676.6
จันทบุรี	24642.422	32165.793	40652.156	50284.176	61283.945	73922.664	88533.05	105524.92	125405.4	148804.72	176509.53	209505.94	249035.64	296668.97	354400.5
ฉะเชิงเทรา	59310.707	77418.37	97843.8	121026.68	147501.5	177921.1	213086.14	253983.1	301832.53	358151.3	424832.78	504250.34	599392.6	714039.06	852990.56
ชลบุรี	151542.42	197808.58	249996.8	309230.47	376875.25	454599.13	544448	648942.2	771200.3	915098.2	1085473.4	1288390.1	1531484.5	1824413	2179442.5
ชัยนาท	1553.6683	2028.0056	2563.058	3170.3433	3863.8623	4660.7163	5581.879	6653.192	7906.627	9381.921	11128.668	13209.044	15701.335	18704.545	22344.434
ชัยภูมิ	20602.072	26891.92	33986.867	42039.637	51235.89	61802.39	74017.26	88223.16	104844.07	124406.86	147569.2	175155.58	208204.06	248027.45	296293.44
ชุมพร	3801.7268	4962.4	6271.6396	7757.626	9454.622	11404.474	13658.498	16279.931	19347.006	22956.955	27231.13	32321.678	38420.15	45768.816	54675.39
ตรัง	11701.784	15274.356	19304.22	23878.113	29101.504	35103.17	42041.105	50109.93	59550.44	70661.93	83817.93	99486.73	118257.94	140877.25	168291.88
ตราด	1548.9169	2021.8037	2555.2202	3160.6477	3852.046	4646.463	5564.808	6632.8447	7882.447	9353.229	11094.635	13168.648	15653.316	18647.342	22276.102
ตาก	16594.283	21660.543	27375.285	33861.52	41268.793	49779.758	59618.43	71060.805	84448.38	100205.56	118862.07	141081.97	167701.4	199777.81	238654.42
นครนายก	8401.844	10966.941	13860.371	17144.414	20894.791	25203.975	30185.393	35978.777	42757.035	50735.05	60181.02	71431.17	84908.85	101149.45	120833.06
นครปฐม	60076.19	78417.55	99106.6	122588.68	149405.22	180217.42	215836.3	257261.06	305728.06	362773.7	430315.75	510758.34	607128.5	723254.56	863999.4
นครพนม	2225.7102	2905.223	3671.7136	4541.68	5535.1826	6676.7173	7996.33	9531.041	11326.651	13440.086	15942.393	18922.639	22492.975	26795.229	32009.563
นครราชสีมา	93589.64	122162.72	154393.16	190974.69	232750.78	280751.56	336240.4	400773.97	476278.25	565146.8	670367.1	795684.44	945814.75	1126721.6	1345980.9
นครศรีธรรมราช	8813.798	11504.665	14539.962	17985.025	21919.287	26439.756	31665.416	37742.855	44853.465	53222.652	63131.77	74933.52	89072.03	106108.92	126757.64
นครสวรรค์	54625.285	71302.48	90114.34	111465.81	135849.2	163865.7	196252.78	233918.97	277988.4	329858.13	391271.88	464415.66	552041.9	657631.56	785606.1
นราธิวาส	5000.4575	6527.1055	8249.163	10203.7	12435.782	15000.442	17965.19	21413.193	25447.357	30195.563	35817.44	42513.1	50534.5	60200.28	71915.21
น่าน	10450.175	13640.629	17239.463	21324.137	25988.838	31348.578	37544.438	44750.22	53180.992	63104.008	74852.87	88845.74	105609.21	125809.18	150291.56
บึงกาฬ	2113.615	2758.9053	3486.7927	4312.945	5256.4106	6340.453	7593.605	9051.021	10756.199	12763.192	15139.474	17969.623	21360.145	25445.72	30397.44
บุรีรัมย์	41182.15	53755.125	67937.445	84034.38	102417.07	123538.8	147955.5	176352.13	209576.19	248680.9	294980.88	350124.16	416185.84	495790.06	592270.44
ปทุมธานี	94004.75	122704.555	155077.94	191821.73	233783.13	281996.75	337731.8	402551.6	478390.75	567653.44	673340.44	799213.7	950009.9	1131719	1351950.9
ประจวบคีรีขันธ์	3322.1995	4336.4727	5480.573	6779.126	8262.074	9965.981	11935.698	14226.4795	16906.693	20061.305	23796.365	28244.82	33574.07	39995.816	47778.977
ปราจีนบุรี	54467.047	71095.92	89853.3	111142.92	135455.66	163391	195684.28	233241.33	277183.1	328902.53	390138.4	463070.25	550442.6	655726.44	783330.3
ปัตตานี	3883.0266	5068.522	6405.7593	7923.524	9656.812	11648.358	13950.588	16628.078	19760.744	23447.893	27813.475	33012.887	39241.773	46747.59	55844.637
พระนครศรีอยุธยา	69987.89	91355.305	115457.74	142814.03	174054.9	209950.64	251446.14	299705.4	356168.72	422626.06	501311.6	595026.06	707295.94	842581.06	1006546.8
พะเยา	2328.6545	3039.5964	3841.5393	4751.744	5791.1978	6985.5303	8366.18	9971.874	11850.536	14061.722	16679.766	19797.855	23533.33	28034.572	33490.08
พังงา	7609.085	9932.151	12552.57	15526.745	18923.252	22825.84	27337.23	32583.982	38722.676	45947.92	54502.613	64691.246	76897.234	91605.43	109431.78
พัทลุง	2657.1965	3468.443	4383.5293	5422.152	6608.2593	7971.096	9546.535	11378.772	13522.489	16045.643	19033.059	22591.066	26853.563	31989.87	38215.08
พิจิตร	2867.4846	3742.9324	4730.4375	5851.2554	7131.2295	8601.922	10302.039	12279.276	14592.644	17315.479	20539.316	24378.904	28978.73	34521.523	41239.39
พิษณุโลก	42606.79	55614.715	70287.66	86941.44	105960.06	127812.46	153073.81	182452.8	216826.17	257283.67	305185.34	362236.25	430583.2	512941.25	612759.2
ภูเก็ต	39857.07	52025.504	65751.49	81330.49	99121.7	119563.81	143194.88	170677.81	202832.84	240679.34	285489.6	338858.56	402794.6	479837.56	573213.56
มหาสารคาม	6249.1636	8157.0425	10309.131	12751.751	15541.223	18746.326	22451.426	26760.459	31802.027	37735.953	44761.72	53129.406	63153.89	75233.41	89873.766
มุกดาหาร	2203.0098	2875.592	3634.265	4495.3594	5478.728	6608.6196	7914.774	9433.831	11211.128	13303.007	15779.792	18729.64	22263.56	26521.936	31683.088
ยะลา	4791.5767	6254.4526	7904.577	9777.47	11916.31	14373.839	17214.742	20518.715	24384.361	28934.225	34321.266	40737.23	48423.56	57685.582	68911.15
ยโสธร	11545.607	15070.501	19046.58	23559.428	28713.104	34634.676	41480.01	49441.137	58755.656	69718.85	82699.266	98158.945	116679.64	138997.06	166045.81
ระนอง	11127.408	14524.625	18356.686	22706.074	27673.074	33380.16	39977.547	47650.31	56627.445	67193.54	79703.78	94603.49	112453.33	133962.4	160031.39
ระยอง	93154.44	121594.63	153675.2	190086.64	231668.48	279446	334676.8	398910.3	474063.44	562518.75	667249.75	791984.4	941416.5	1121482.1	1339721.8
ราชบุรี	65498.81	85495.7	108052.2	133653.83	162890.9	196484.28	235318.2	280482.06	333323.84	395518.53	469157.1	556860.56	661929.4	788537.3	941986.06
ร้อยเอ็ด	5480.3354	7153.491	9040.812	11182.919	13629.205	16439.988	19689.256	23468.15	27889.459	33093.34	39254.734	46592.953	55384.14	65977.52	78816.695
ลพบุรี	34706.727	45302.746	57255.06	70820.93	86313.164	104113.72	124691.19	148622.78	176622.73	209578.69	248598.52	295071.2	350745.38	417832.8	499142.8
ลำปาง	16613.639	21685.81	27407.219	33901.02	41316.938	49837.83	59687.98	71143.7	84546.91	100322.48	119000.74	141246.55	167897.05	200010.89	238932.86
ลำพูน	7686.513	10033.219	12680.302	15684.741	19115.81	23058.111	27615.41	32915.55	39116.71	46415.477	55057.215	65349.535	77679.73	92537.6	110545.36
ศรีสะเกษ	4148.922	5415.5947	6844.4014	8466.098	10318.074	12445.995	14905.871	17766.709	21113.889	25053.52	29718.04	35273.484	41928.902	49948.69	59668.67
สกลนคร	7392.4614	9649.392	12195.209	15084.712	18384.523	22176.008	26558.965	31656.342	37620.273	44639.82	52950.97	62849.543	74708.03	88997.516	106316.37
สงขลา	82558.83	107764.164	136195.8	168465.7	205317.92	247661.13	296609.84	353537.28	420142.3	498536.47	591355.2	701902.2	834337.6	993922.2	1187338.8
สตูล	1478.8796	1930.3837	2439.6807	3017.7324	3677.8677	4436.364	5313.184	6332.927	7526.0254	8930.303	10592.967	12573.199	14945.52	17804.164	21268.842
สมุทรสงคราม	5419.406	7073.96	8940.296	11058.588	13477.677	16257.211	19470.352	23207.234	27579.387	32725.41	38818.3	46074.934	54768.383	65243.98	77940.41
สมุทรสาคร	51670.17	67445.164	85239.35	105435.75	128500.05	155000.92	185635.92	221264.42	262949.8	312013.47	370104.88	439291.72	522177.53	622055.06	743106.44
สระบุรี	45979.39	60016.977	75851.37	93823.41	114347.484	137929.64	165190.61	196895.13	233989.39	277649.34	329342.72	390909.56	464666.63	553543.9	661263.06
สระแก้ว	31779.152	41481.383	52425.496	64847.06	79032.5	95331.555	114173.266	136086.17	161724.28	191900.33	227628.77	270181.38	321159.38	382587.8	457039.16
สิงห์บุรี	1168.9906	1525.8853	1928.4624	2385.3877	2907.196	3506.7542	4199.8433	5005.9053	5948.9985	7059.0195	8373.283	9938.573	11813.788	14073.423	16812.102
สุพรรณบุรี	19838.346	25895.027	32726.96	40481.207	49336.555	59511.348	71273.41	84952.69	100957.445	119795.04	142098.75	168662.48	200485.83	238832.97	285309.66
สุราษฎร์ธานี	69682.8	90957.06	114954.44	142191.47	173296.14	209035.42	250350.03	298398.9	354616.1	420783.75	499126.2	592432.06	704212.56	838908	1002158.94
สุรินทร์	5961.2715	7781.258	9834.201	12164.293	14825.258	17882.707	21417.115	25527.635	30336.943	35997.496	42699.594	50681.793	60244.457	71767.48	85733.38
สุโขทัย	2708.229	3535.0557	4467.717	5526.2866	6735.1733	8124.1836	9729.88	11597.306	13782.192	16353.803	19398.592	23024.936	27369.295	32604.246	38949.01
หนองคาย	2773.1633	3619.8145	4574.837	5658.7876	6896.659	8318.974	9963.169	11875.368	14112.642	16745.912	19863.705	23576.996	28025.52	33385.99	39882.875
หนองบัวลำภู	2685.704	3505.6538	4430.5576	5480.3223	6679.1553	8056.6123	9648.954	11500.847	13667.561	16217.784	19237.248	22833.432	27141.658	32333.068	38625.06
อำนาจเจริญ	6768.8125	8835.342	11166.387	13812.123	16833.553	20305.178	24318.375	28985.72	34446.52	40873.88	48483.875	57547.375	68405.45	81489.43	97347.22
อุดรธานี	11072.239	14452.61	18265.672	22593.494	27535.87	33214.656	39779.336	47414.06	56346.684	66860.39	79308.6	94134.44	111895.77	133298.19	159237.92
อุตรดิตถ์	10334.91	13490.176	17049.316	21088.938	25702.188	31002.81	37130.332	44256.64	52594.42	62407.984	74027.25	87865.8	104444.36	124421.55	148633.9
อุทัยธานี	10488.008	13690.014	17301.877	21401.34	26082.928	31462.07	37680.363	44912.234	53373.527	63332.46	75123.85	89167.38	105991.55	126264.664	150835.66
อุบลราชธานี	42329.492	55252.754	69830.2	86375.6	105270.445	126980.62	152077.56	181265.34	215415	255609.19	303199.1	359878.7	427780.84	509602.94	608771.3
อ่างทอง	6491.654	8473.566	10709.165	13246.567	16144.28	19473.754	23322.627	27798.865	33036.063	39200.246	46498.64	55191.023	65604.5	78152.74	93361.21
เชียงราย	41044.01	53574.813	67709.56	83752.5	102073.53	123124.41	147459.2	175760.6	208873.19	247846.75	293991.44	348949.72	414789.78	494127.06	590283.8
เชียงใหม่	101851.28	132946.64	168022.22	207832.98	253296.89	305534.94	365922.06	436152.4	518321.78	615035.1	729543.8	865923.56	1029306.6	1226183.1	1464797.6
เพชรบุรี	40817.188	53278.74	67335.37	83289.65	101509.43	122443.97	146644.3	174789.27	207718.9	246477.05	292366.7	347021.28	412497.47	491396.3	587021.7
เพชรบูรณ์	22339.809	29160.19	36853.58	45585.58	55557.516	67015.28	80260.45	95664.586	113687.42	134900.28	160016.33	189929.53	225765.58	268948	321285.06
เลย	16340.881	21329.777	26957.256	33344.44	40638.61	49019.6	58708.04	69975.68	83158.83	98675.39	117047	138927.6	165140.53	196727.13	235010.08
แพร่	2354.6982	3073.5916	3884.5034	4804.8877	5855.968	7063.6567	8459.747	10083.399	11983.074	14218.988	16866.313	20019.275	23796.523	28348.11	33864.63
แม่ฮ่องสอน	4235.6777	5528.837	6987.5205	8643.126	10533.829	12706.246	15217.559	18138.217	21555.387	25577.396	30339.453	36011.063	42805.652	50993.13	60916.36
