กระบี่	1148.0591	1286.9742	1451.707	1647.6875	1881.659	2162.0264	2499.3025	2906.6887	3400.8257	4002.772	4739.282	5644.485	6762.093	8148.3223	9875.767
กาญจนบุรี	806.816	904.44073	1020.20917	1157.9374	1322.3644	1519.3967	1756.4226	2042.7195	2389.9817	2813.0085	3330.602	3966.747	4752.1626	5726.356	6940.3433
กาฬสินธุ์	30.885576	34.622734	39.054443	44.326794	50.621197	58.163757	67.237305	78.19698	91.49047	107.68429	127.4982	151.85036	181.91672	219.20966	265.6821
กำแพงเพชร	637.93427	715.1243	806.6603	915.5594	1045.5687	1201.3585	1388.7705	1615.1401	1889.7139	2224.1934	2633.445	3136.433	3757.4468	4527.7236	5487.601
ขอนแก่น	3673.8801	4118.42	4645.5776	5272.7305	6021.458	6918.656	7997.9663	9301.635	10882.912	12809.188	15166.079	18062.8	21639.234	26075.28	31603.238
จันทบุรี	887.73846	995.15485	1122.5347	1274.0768	1454.9956	1671.79	1932.5894	2247.6013	2629.6934	3095.1492	3664.6567	4364.606	5228.798	6300.7017	7636.4507
ฉะเชิงเทรา	2136.657	2395.1926	2701.7773	3066.5173	3501.9626	4023.7554	4651.4614	5409.6494	6329.2896	7449.574	8820.296	10504.973	12584.957	15164.874	18379.828
ชลบุรี	5459.2876	6119.862	6903.204	7835.1367	8947.726	10280.9375	11884.764	13821.98	16171.717	19034.111	22536.389	26840.838	32155.322	38747.164	46961.563
ชัยนาท	55.970604	62.74305	70.77416	80.328674	91.735344	105.403915	121.84693	141.70798	165.79832	195.14464	231.05125	275.18204	329.66806	397.25003	481.46704
ชัยภูมิ	742.1857	831.99023	938.485	1065.1804	1216.436	1397.685	1615.724	1879.087	2198.5317	2587.6719	3063.8035	3648.99	4371.4897	5267.6455	6384.386
ชุมพร	136.95648	153.52823	173.17984	196.55911	224.4705	257.91663	298.1516	346.7503	405.69785	477.50638	565.36755	673.3527	806.6765	972.0452	1178.1188
ตรัง	421.55453	472.56265	533.05066	605.0125	690.92426	793.872	917.71606	1067.3037	1248.7452	1469.7732	1740.2114	2072.5918	2482.9648	2991.9727	3626.271
ตราด	55.79944	62.551174	70.557724	80.083015	91.4548	105.08157	121.474304	141.27461	165.29129	194.54785	230.34467	274.34048	328.65988	396.03516	479.99463
ตาก	597.8058	670.1403	755.9183	857.9672	979.7985	1125.7886	1301.4116	1513.5417	1770.8438	2084.2832	2467.7913	2939.1394	3521.0889	4242.912	5142.4097
นครนายก	302.67487	339.29855	382.7288	434.3972	496.08157	569.99774	658.9174	766.3209	896.59546	1055.2928	1249.4668	1488.115	1782.7617	2148.228	2603.6523
นครปฐม	2164.2334	2426.1057	2736.6472	3106.0945	3547.1597	4075.6865	4711.4937	5479.4673	6410.9766	7545.7197	8934.132	10640.551	12747.379	15360.592	18617.037
นครพนม	80.180786	89.88267	101.38765	115.07498	131.41562	150.99655	174.55202	203.004	237.51466	279.55478	330.99286	394.2125	472.26654	569.0812	689.7264
นครราชสีมา	3371.549	3779.5066	4263.2837	4838.827	5525.9404	6349.3057	7339.7974	8536.185	9987.336	11755.095	13918.032	16576.377	19858.498	23929.49	29002.543
นครศรีธรรมราช	317.51538	355.93475	401.49442	455.69617	520.405	597.9454	691.22485	803.8945	940.5565	1107.035	1310.7295	1561.0789	1870.1724	2253.5579	2731.3123
นครสวรรค์	1967.8655	2205.9773	2488.3425	2824.2688	3225.315	3705.887	4284.0054	4982.2983	5829.289	6861.0737	8123.511	9675.102	11590.771	13966.88	16927.86
นราธิวาส	180.14052	201.93753	227.78554	258.5366	295.24878	339.24088	392.16245	456.08493	533.6193	628.06995	743.6348	885.66907	1061.0315	1278.543	1549.5941
น่าน	376.4655	422.01785	476.03613	540.301	617.02374	708.9603	819.55817	953.1461	1115.1809	1312.568	1554.0806	1850.9099	2217.39	2671.9548	3238.4092
บึงกาฬ	76.142586	85.35584	96.281395	109.27938	124.79705	143.39182	165.76094	192.77997	225.55255	265.47537	314.32285	374.3585	448.48145	540.42017	654.98926
บุรีรัมย์	1483.5791	1663.0923	1875.9681	2129.2239	2431.5735	2793.8782	3229.7231	3756.168	4394.7163	5172.581	6124.336	7294.084	8738.3125	10529.667	12761.956
ปทุมธานี	3386.5034	3796.2705	4282.1934	4860.2896	5550.4507	6377.4683	7372.3535	8574.047	10031.635	11807.234	13979.766	16649.9	19946.58	24035.629	29131.182
ประจวบคีรีขันธ์	119.68162	134.1631	151.33598	171.76634	196.15715	225.38458	260.5446	303.01334	354.5256	417.27664	494.05554	588.42017	704.9273	849.43744	1029.5182
ปราจีนบุรี	1962.1649	2199.587	2481.134	2816.0872	3215.9714	3695.1514	4271.595	4967.865	5812.4023	6841.1978	8099.978	9647.073	11557.193	13926.419	16878.82
ปัตตานี	139.8853	156.81143	176.8833	200.76254	229.27081	263.4322	304.52762	354.16562	414.37375	487.71793	577.458	687.7525	823.9275	992.83264	1203.3132
พระนครศรีอยุธยา	2521.3003	2826.3777	3188.154	3618.555	4132.3896	4748.1157	5488.822	6383.4995	7468.6943	8790.653	10408.134	12396.087	14850.512	17894.867	21688.58
พะเยา	83.889336	94.03995	106.077065	120.39747	137.49391	157.98051	182.62547	212.39342	248.50029	292.48486	346.3021	412.4458	494.11005	595.40265	721.628
พังงา	274.11584	307.28387	346.6162	393.4094	449.2735	516.2153	596.7449	694.0143	811.9967	955.72015	1131.5726	1347.703	1614.5481	1945.5305	2357.983
พัทลุง	95.725006	107.30774	121.04313	137.38396	156.89247	180.26945	208.3915	242.3593	283.56036	333.75055	395.16064	470.63632	563.82227	679.4059	823.43994
พิจิตร	103.30059	115.799965	130.62236	148.25638	169.30878	194.5358	224.88339	261.53937	306.00104	360.16324	426.4333	507.88205	608.4427	733.17346	888.60626
พิษณุโลก	1534.9016	1720.6248	1940.8647	2202.8813	2515.6904	2890.5283	3341.4507	3886.1072	4546.745	5351.519	6336.1987	7546.4126	9040.602	10893.925	13203.437
ภูเก็ต	1435.8434	1609.5806	1815.6069	2060.7139	2353.3352	2703.9822	3125.8035	3635.3093	4253.3115	5006.148	5927.2793	7059.3896	8457.148	10190.864	12351.327
มหาสารคาม	225.12492	252.36505	284.6678	323.09793	368.9778	423.95554	490.09262	569.9777	666.8739	784.9106	929.33417	1106.837	1325.9907	1597.8188	1936.5565
มุกดาหาร	79.36301	88.965935	100.35358	113.901306	130.07529	149.45651	172.77173	200.93352	235.09221	276.70355	327.617	390.19183	467.4498	563.27704	682.6918
ยะลา	172.61563	193.50214	218.27042	247.73692	282.91556	325.06998	375.7809	437.0332	511.32883	601.83405	712.57153	848.67267	1016.70984	1225.1354	1484.8641
ยโสธร	415.9283	466.25568	525.9364	596.9378	681.70294	783.27673	905.4679	1053.0592	1232.0792	1450.1573	1716.9863	2044.9307	2449.827	2952.0415	3577.8743
ระนอง	400.86276	449.3672	506.8862	575.31586	657.0107	754.90533	872.6706	1014.9159	1187.4515	1397.6305	1654.7946	1970.8604	2361.0906	2845.1143	3448.2786
ระยอง	3355.871	3761.9316	4243.459	4816.3257	5500.2437	6319.7803	7305.666	8496.489	9940.892	11700.43	13853.309	16499.291	19766.15	23818.213	28867.674
ราชบุรี	2359.5823	2645.0918	2983.6636	3386.458	3867.335	4443.568	5136.7646	5974.057	6989.6465	8226.814	9740.549	11600.993	13897.989	16747.078	20297.459
ร้อยเอ็ด	197.42805	221.31686	249.64543	283.34756	323.58292	371.79678	429.7971	499.854	584.82916	688.34393	814.9992	970.66406	1162.8555	1401.2408	1698.304
ลพบุรี	1250.3032	1401.59	1580.9935	1794.4276	2049.2363	2354.5728	2721.8862	3165.5537	3703.6978	4359.2524	5161.355	6147.174	7364.314	8873.999	10755.287
ลำปาง	598.5032	670.9221	756.8002	858.9682	980.94165	1127.102	1302.9299	1515.3075	1772.9097	2086.7148	2470.6704	2942.5684	3525.1968	4247.8623	5148.409
ลำพูน	276.90518	310.41074	350.1433	397.41266	453.84525	521.4682	602.81726	701.0765	820.25946	965.44543	1143.0874	1361.4171	1630.9777	1965.3281	2381.9778
ศรีสะเกษ	149.46413	167.5493	188.99562	214.51003	244.97044	281.47104	325.38052	378.41754	442.7485	521.115	617.0002	734.8472	880.3469	1060.8181	1285.7115
สกลนคร	266.312	298.53577	336.74835	382.20938	436.4831	501.5191	579.7561	674.25635	788.8799	928.51166	1099.3578	1309.3351	1568.5834	1890.1431	2290.8535
สงขลา	2974.166	3334.0403	3760.7976	4268.5054	4874.633	5600.953	6474.702	7530.0786	8810.191	10369.596	12277.602	14622.623	17517.902	21109.072	25584.195
สตูล	53.276352	59.722794	67.36731	76.4619	87.31949	100.33009	115.98159	134.88658	157.81729	185.75096	219.92914	261.9356	313.79886	378.12762	458.29068
สมุทรสงคราม	195.23308	218.8563	246.8699	280.19733	319.98532	367.66315	425.01862	494.29663	578.327	680.6909	805.93805	959.8722	1149.9269	1385.662	1679.4224
สมุทรสาคร	1861.4081	2086.6387	2353.7285	2671.482	3050.8323	3505.4065	4052.25	4712.7666	5513.9365	6489.9033	7684.0454	9151.698	10963.734	13211.301	16012.097
สระบุรี	1656.3988	1856.8231	2094.4966	2377.2537	2714.8235	3119.3323	3605.9482	4193.718	4906.6494	5775.1265	6837.75	8143.7603	9756.225	11756.251	14248.576
สระแก้ว	1144.838	1283.3635	1447.634	1643.0646	1876.3796	2155.9602	2492.29	2898.5332	3391.2837	3991.541	4725.985	5628.648	6743.12	8125.46	9848.058
สิงห์บุรี	42.11266	47.208294	53.250957	60.439835	69.022285	79.30661	91.678444	106.62203	124.74777	146.82814	173.84451	207.04881	248.04446	298.8936	362.25903
สุพรรณบุรี	714.67267	801.1481	903.69507	1025.6938	1171.3423	1345.8723	1555.8284	1809.4283	2117.031	2491.7456	2950.2268	3513.72	4209.4365	5072.371	6147.714
สุราษฎร์ธานี	2510.3093	2814.057	3174.256	3602.7808	4114.3755	4727.4175	5464.8945	6355.6724	7436.136	8752.333	10362.763	12342.05	14785.775	17816.86	21594.033
สุรินทร์	214.75366	240.73886	271.55344	308.21313	351.9794	404.42435	467.51456	543.7194	636.1517	748.75055	886.5207	1055.8461	1264.9036	1524.2089	1847.3412
สุโขทัย	97.56343	109.368614	123.3678	140.02245	159.90562	183.73157	212.39369	247.01385	289.0062	340.1603	402.74982	479.67502	574.65063	692.45404	839.25433
หนองคาย	99.90267	111.9909	126.32574	143.37971	163.73962	188.13684	217.48619	252.93643	295.9356	348.31622	412.4064	491.17603	588.42883	709.05676	859.37683
หนองบัวลำภู	96.751976	108.45897	122.34172	138.85785	158.57565	182.20343	210.62717	244.9594	286.60248	337.33112	399.40005	475.68546	569.87115	686.69476	832.27405
อำนาจเจริญ	243.84517	273.35043	308.3393	349.9651	399.66013	459.2095	530.8462	617.3741	722.32764	850.1797	1006.6128	1198.8759	1436.2532	1730.6852	2097.5906
อุดรธานี	398.87527	447.1392	504.37302	572.4634	653.7532	751.1624	868.34375	1009.8838	1181.564	1390.7008	1646.5897	1961.0884	2349.3838	2831.0076	3431.1812
อุตรดิตถ์	372.3132	417.36313	470.7856	534.3417	610.2182	701.14075	810.51874	942.6333	1102.881	1298.091	1536.9397	1830.4951	2192.933	2642.4844	3202.6912
อุทัยธานี	377.8285	423.54575	477.7596	542.25714	619.2576	711.52704	822.52527	956.59686	1119.2183	1317.32	1559.7068	1857.6107	2225.4175	2681.6282	3250.1333
อุบลราชธานี	1524.912	1709.4264	1928.233	2188.5444	2499.3176	2871.716	3319.7039	3860.8154	4517.154	5316.6904	6294.9614	7497.299	8981.764	10823.025	13117.507
อ่างทอง	233.86061	262.15775	295.71393	335.6353	383.2955	440.40656	509.11	592.0949	692.75104	815.368	965.3957	1149.7863	1377.4438	1659.82	2011.7018
เชียงราย	1478.6027	1657.5137	1869.6754	2122.0815	2423.417	2784.5063	3218.8894	3743.5684	4379.9746	5155.2305	6103.793	7269.617	8709.001	10494.347	12719.148
เชียงใหม่	3669.173	4113.143	4639.6255	5265.975	6013.743	6909.791	7987.7188	9289.717	10868.968	12792.775	15146.646	18039.656	21611.508	26041.867	31562.744
เพชรบุรี	1470.4314	1648.3536	1859.3429	2110.3542	2410.0244	2769.1182	3201.1006	3722.88	4355.7695	5126.7407	6070.061	7229.4424	8660.872	10436.352	12648.858
เพชรบูรณ์	804.7874	902.16675	1017.6441	1155.026	1319.0397	1515.5767	1752.0066	2037.5836	2383.9727	2805.936	3322.2283	3956.774	4740.215	5711.959	6922.8945
เลย	588.67706	659.90704	744.3752	844.86584	964.83673	1108.5974	1281.5386	1490.4293	1743.8022	2052.4553	2430.1072	2894.2576	3467.3203	4178.121	5063.883
แพร่	84.82756	95.0917	107.263435	121.743996	139.03163	159.74734	184.66794	214.76881	251.27951	295.75598	350.17508	417.0585	499.63608	602.0615	729.69855
แม่ฮ่องสอน	152.58948	171.05281	192.94757	218.99548	250.09283	287.3567	332.18433	386.33035	452.0065	532.01166	629.9018	750.213	898.7551	1083	1312.5961
