กระบี่	88.523796	115.55026	146.0361	180.63754	220.15237	265.55493	318.04028	379.08078	450.49814	534.55634	634.08124	752.6154	894.6194	1065.7341	1273.1252
กาญจนบุรี	62.211445	81.2047	102.62909	126.945786	154.71544	186.62277	223.50764	266.40475	316.59436	375.66754	445.61017	528.9118	628.7072	748.96075	894.708
กาฬสินธุ์	2.381505	3.1085825	3.928726	4.8595886	5.922634	7.144073	8.556057	10.198194	12.1194935	14.380863	17.058325	20.24718	24.067434	28.670834	34.25016
กำแพงเพชร	49.18942	64.20703	81.1469	100.37364	122.33059	147.55913	176.7233	210.64124	250.32523	297.0333	352.33563	418.20074	497.10712	592.18933	707.42896
ขอนแก่น	283.28317	369.77	467.32715	578.0545	704.50507	849.7969	1017.75415	1213.0885	1441.6298	1710.6226	2029.1104	2408.4292	2862.853	3410.4338	4074.1018
จันทบุรี	68.45117	89.34943	112.92265	139.67827	170.23318	205.34074	245.92514	293.1248	348.34833	413.34644	490.30426	581.96094	691.7657	824.08044	984.44586
ฉะเชิงเทรา	164.75197	215.05101	271.78833	336.1852	409.7264	494.22528	591.90594	705.5086	838.4237	994.86475	1180.0911	1400.6954	1664.9795	1983.4419	2369.4182
ชลบุรี	420.95117	549.46826	694.43555	858.9735	1046.8757	1262.7754	1512.3555	1802.6172	2142.2231	2541.9395	3015.2039	3578.8616	4254.1235	5067.814	6054.007
ชัยนาท	4.3157454	5.633349	7.119606	8.806509	10.732951	12.946434	15.505219	18.481089	21.962852	26.06089	30.912968	36.691788	43.61482	51.95707	62.06787
ชัยภูมิ	57.227978	74.699776	94.40797	116.776764	142.32191	171.67331	205.6035	245.06433	291.23352	345.57462	409.91446	486.54327	578.3446	688.96515	823.0373
ชุมพร	10.560352	13.784445	17.42122	21.548962	26.26284	31.679092	37.940273	45.22203	53.741684	63.769318	75.64203	89.78244	106.72263	127.1356	151.87608
ตรัง	32.504955	42.42877	53.622837	66.328094	80.83751	97.50881	116.78085	139.19424	165.4179	196.28314	232.82758	276.35202	328.49426	391.32568	467.47742
ตราด	4.302547	5.6161213	7.0978336	8.779577	10.700128	12.906841	15.457801	18.424568	21.895685	25.98119	30.81843	36.57958	43.481434	51.798172	61.87806
ตาก	46.09523	60.168175	76.04246	94.05978	114.63554	138.2771	165.60675	197.39113	234.57884	278.3488	330.17242	391.89435	465.83722	554.93835	662.92896
นครนายก	23.338455	30.463726	38.50103	47.62337	58.041084	70.01104	83.84831	99.94105	118.76955	140.9307	167.1695	198.41992	235.85793	280.9707	335.6474
นครปฐม	166.87831	217.82652	275.2961	340.5241	415.0145	500.60394	599.5453	714.6141	849.2446	1007.7047	1195.3215	1418.7732	1686.468	2009.0405	2399.9983
นครพนม	6.1825285	8.070064	10.199204	12.615778	15.375507	18.546436	22.212029	26.475113	31.462921	37.333572	44.284424	52.562885	62.480484	74.43119	88.91545
นครราชสีมา	259.97122	339.34088	428.86987	530.4852	646.52997	779.8654	934.0011	1113.261	1322.9951	1569.8522	1862.1309	2210.2346	2627.2632	3129.7822	3738.8357
นครศรีธรรมราช	24.482773	31.957403	40.388783	49.958405	60.88691	73.44376	87.95949	104.84127	124.59296	147.8407	175.36603	208.14868	247.4223	294.747	352.10455
นครสวรรค์	151.73691	198.06244	250.31763	309.62726	377.3589	455.18253	545.1466	649.7749	772.19	916.2726	1086.8663	1290.0435	1533.4497	1826.7543	2182.2393
นราธิวาส	13.89016	18.130848	22.914343	28.343613	34.54384	41.667896	49.903305	59.48109	70.6871	83.876564	99.4929	118.09195	140.37361	167.223	199.76447
น่าน	29.028263	37.890636	47.887398	59.233715	72.191216	87.079384	104.2901	124.30617	147.72498	175.28891	207.92462	246.79373	293.35892	349.46994	417.47656
บึงกาฬ	5.871153	7.6636257	9.685535	11.980402	14.601141	17.61237	21.093348	25.141727	29.87833	35.453312	42.054092	49.91562	59.333733	70.682556	84.43733
บุรีรัมย์	114.39485	149.3198	188.71513	233.42883	284.49185	343.16333	410.9875	489.867	582.15607	690.7803	819.3913	972.56714	1156.0718	1377.1946	1645.1957
ปทุมธานี	261.1243	340.84598	430.77203	532.83813	649.3976	783.32434	938.1439	1118.1989	1328.8632	1576.8152	1870.3901	2220.038	2638.9163	3143.664	3755.4192
ประจวบคีรีขันธ์	9.228332	12.045757	15.223814	18.830906	22.950207	27.68328	33.154716	39.517998	46.963036	55.725845	66.10101	78.45783	93.26131	111.099495	132.71938
ปราจีนบุรี	151.29735	197.48868	249.59248	308.73035	376.26572	453.8639	543.56744	647.8926	769.953	913.61816	1083.7178	1286.3063	1529.0073	1821.4624	2175.9175
ปัตตานี	10.786185	14.079227	17.793776	22.009789	26.824476	32.356552	38.751633	46.189106	54.890957	65.13303	77.25965	91.70246	109.00493	129.85442	155.124
พระนครศรีอยุธยา	194.4108	253.76472	320.71594	396.70563	483.48584	583.1962	698.4615	832.515	989.35754	1173.9613	1392.5322	1652.8501	1964.7109	2340.503	2795.9634
พะเยา	6.468485	8.443323	10.670942	13.199289	16.08666	19.404251	23.239388	27.69965	32.918156	39.060337	46.33268	54.994045	65.37036	77.87381	93.028
พังงา	21.136347	27.58931	34.86825	43.12985	52.56459	63.405113	75.93675	90.51106	107.56299	127.63312	151.39615	179.6979	213.60342	254.45953	303.97717
พัทลุง	7.3811016	9.634564	12.176471	15.061533	18.356276	22.141933	26.518154	31.6077	37.56247	44.571228	52.869606	62.75296	74.59323	88.86075	106.15299
พิจิตร	7.965235	10.397035	13.140104	16.253487	19.808971	23.894226	28.616776	34.1091	40.535122	48.09855	57.053658	67.71918	80.496475	95.89312	114.55386
พิษณุโลก	118.35219	154.48532	195.24348	241.50398	294.3335	355.0346	425.20505	506.81332	602.2949	714.6769	847.73706	1006.2118	1196.0645	1424.8368	1702.1089
ภูเก็ต	110.71408	144.51529	182.64304	225.91803	275.33807	332.1217	397.76355	474.10504	563.42456	668.5537	793.0267	941.2738	1118.8739	1332.8821	1592.2599
มหาสารคาม	17.358788	22.658451	28.636475	35.42153	43.170063	52.073128	62.365074	74.33461	88.33897	104.82209	124.338104	147.58168	175.42747	208.98169	249.64935
มุกดาหาร	6.1194715	7.987756	10.0951805	12.487109	15.218689	18.357277	21.985483	26.205086	31.142023	36.952797	43.832756	52.02678	61.843224	73.67204	88.008575
ยะลา	13.309935	17.37348	21.957159	27.159637	33.10086	39.92733	47.81873	56.99643	67.73434	80.37285	95.336845	113.15897	134.50989	160.23773	191.41986
ยโสธร	32.071133	41.862503	52.907166	65.442856	79.75862	96.207436	115.22225	137.33649	163.21016	193.66347	229.72018	272.66373	324.1101	386.10297	461.23837
ระนอง	30.909468	40.34618	50.99079	63.072426	76.86965	92.722664	111.04874	132.36197	157.29846	186.64871	221.39938	262.78748	312.37036	372.1178	444.53165
ระยอง	258.76233	337.76288	426.87555	528.01843	643.52356	776.2389	929.65784	1108.0842	1316.8429	1562.552	1853.4716	2199.9565	2615.046	3115.2283	3721.4495
ราชบุรี	181.94113	237.48807	300.14502	371.26065	452.47473	545.7897	653.6617	779.1169	925.89954	1098.6626	1303.2141	1546.835	1838.6927	2190.3813	2616.628
ร้อยเอ็ด	15.223154	19.87081	25.113365	31.063663	37.858902	45.666634	54.692375	65.18931	77.47072	91.92594	109.040924	129.42487	153.84483	183.2709	218.93527
ลพบุรี	96.40758	125.84096	159.04182	196.72481	239.75879	289.20477	346.3644	412.84106	490.6187	582.163	690.55145	819.64215	974.2927	1160.6467	1386.5078
ลำปาง	46.149	60.238365	76.131165	94.1695	114.76927	138.43842	165.79994	197.6214	234.85251	278.67355	330.55762	392.35153	466.3807	555.5858	663.7024
ลำพูน	21.351425	27.870052	35.22306	43.568726	53.099476	64.05031	76.70947	91.43208	108.65753	128.93188	152.9367	181.52649	215.77702	257.0489	307.07043
ศรีสะเกษ	11.524783	15.043319	19.012226	23.516937	28.661316	34.57221	41.405197	49.35197	58.64969	69.59311	82.55011	97.9819	116.46918	138.74637	165.7463
สกลนคร	20.534615	26.803865	33.87558	41.901978	51.068123	61.60002	73.7749	87.93428	104.50076	123.999504	147.08603	174.58206	207.52231	247.21533	295.32324
สงขลา	229.33008	299.3449	378.32166	467.96027	570.3276	687.9476	823.91626	982.048	1167.062	1384.8235	1642.6533	1949.7283	2317.6045	2760.895	3298.163
สตูล	4.107999	5.362177	6.7768908	8.38259	10.216299	12.323233	14.758844	17.591463	20.905626	24.806396	29.424908	34.925552	41.51533	49.45601	59.080116
สมุทรสงคราม	15.0539055	19.649889	24.834156	30.7183	37.437992	45.15892	54.08431	64.46454	76.609406	90.903915	107.82861	127.98593	152.1344	181.23328	216.50113
สมุทรสาคร	143.52826	187.34767	236.77597	292.87708	356.94458	430.5581	515.65533	614.6234	730.41614	866.7041	1028.0691	1220.2548	1450.4932	1727.9307	2064.1846
สระบุรี	127.72053	166.71382	210.69824	260.62057	317.6319	383.13788	458.8628	546.9309	649.9705	771.24817	914.8409	1085.8599	1290.7406	1537.6218	1836.8419
สระแก้ว	88.27542	115.22606	145.62637	180.13072	219.53471	264.80988	317.14795	378.01715	449.23413	533.05646	632.3021	750.5038	892.1094	1062.7439	1269.5532
สิงห์บุรี	3.247196	4.23857	5.35684	6.6260767	8.075544	9.740984	11.666231	13.9052925	16.524996	19.608387	23.25912	27.607147	32.81608	39.092842	46.700283
สุพรรณบุรี	55.106518	71.93063	90.908226	112.44779	137.04599	165.3093	197.98169	235.97969	280.43735	332.764	394.71875	468.5069	556.9051	663.4249	792.52686
สุราษฎร์ธานี	193.56332	252.65851	319.31787	394.97632	481.37817	580.65393	695.41675	828.88586	985.0447	1168.8438	1386.4617	1645.6447	1956.146	2330.3	2783.775
สุรินทร์	16.559088	21.614605	27.317226	33.789703	41.18127	49.674187	59.49199	70.910095	84.26929	99.99305	118.60998	140.78276	167.34572	199.35411	238.14828
สุโขทัย	7.522858	9.819599	12.410324	15.350796	18.708815	22.567177	27.027443	32.214737	38.283867	45.42723	53.884975	63.958153	76.02582	90.56735	108.191696
หนองคาย	7.7032313	10.05504	12.70788	15.718855	19.157387	23.108261	27.67547	32.987133	39.201782	46.516422	55.176956	65.49165	77.84866	92.73885	110.78577
หนองบัวลำภู	7.460289	9.737927	12.307104	15.223118	18.55321	22.379478	26.80265	31.946796	37.965446	45.0494	53.436802	63.4262	75.39349	89.81408	107.291824
อำนาจเจริญ	18.802258	24.542616	31.01774	38.36701	46.75987	56.40327	67.55104	80.51589	95.68478	113.53855	134.67743	159.85382	190.01515	226.35953	270.40894
อุดรธานี	30.75622	40.14614	50.737976	62.75971	76.488525	92.26294	110.49815	131.70572	156.51857	185.7233	220.30167	261.48456	310.8216	370.27274	442.32758
อุตรดิตถ์	28.708084	37.47271	47.35921	58.580383	71.394966	86.11892	103.13981	122.93511	146.09561	173.35551	205.63124	244.07166	290.12323	345.61542	412.87195
อุทัยธานี	29.133354	38.027817	48.06077	59.448166	72.452576	87.39464	104.66768	124.75621	148.2598	175.92351	208.67737	247.68718	294.42096	350.73517	418.9879
อุบลราชธานี	117.581924	153.47987	193.97278	239.93222	292.4179	352.72394	422.43768	503.51483	598.375	710.0255	842.2197	999.663	1188.2802	1415.5637	1691.0314
อ่างทอง	18.032372	23.537685	29.74768	36.79602	44.845222	54.09376	64.78507	77.21907	91.766846	108.88957	129.16289	153.3084	182.23473	217.09094	259.3367
เชียงราย	114.01114	148.81892	188.08212	232.64584	283.5376	342.01224	409.6089	488.22388	580.2033	688.4632	816.6429	969.3048	1152.1938	1372.5752	1639.6772
เชียงใหม่	282.92023	369.29623	466.7284	577.31384	703.6025	848.7081	1016.4502	1211.5344	1439.7827	1708.4309	2026.5106	2405.3433	2859.185	3406.0642	4068.8823
เพชรบุรี	113.38107	147.99649	187.0427	231.36014	281.97064	340.12213	407.34528	485.52576	576.99695	684.65845	812.1297	963.948	1145.8263	1364.9897	1630.6157
เพชรบูรณ์	62.055023	81.00053	102.37105	126.6266	154.32643	186.15355	222.9457	265.73495	315.7984	374.72302	444.4898	527.58203	627.1266	747.07776	892.4585
เลย	45.391335	59.249382	74.88126	92.62344	112.885025	136.16556	163.07788	194.37689	230.99673	274.0983	325.13055	385.90997	458.7237	546.46423	652.8058
แพร่	6.5408287	8.537754	10.790287	13.34691	16.266577	19.62127	23.499298	28.009443	33.286316	39.49719	46.85087	55.609097	66.101456	78.74475	94.06841
แม่ฮ่องสอน	11.765771	15.35788	19.409779	24.008682	29.260635	35.295128	42.270996	50.383934	59.876072	71.048325	84.27626	100.03073	118.90459	141.64758	169.21211
