กระบี่	22226.506	27267.135	33416.707	40949.93	50215.797	61659.145	75848.9	93515.13	115597.92	143311.83	178231.34	222404.55	278504.53	350031.94	441587.06
กาญจนบุรี	15620.014	19162.395	23484.098	28778.184	35289.914	43331.895	53303.957	65719.17	81238.19	100714.56	125254.77	156298.16	195723.27	245990.27	310332
กาฬสินธุ์	597.9469	733.55206	898.9905	1101.6525	1350.9268	1658.7804	2040.5189	2515.7834	3109.8645	3855.4355	4794.8555	5983.2217	7492.4463	9416.709	11879.764
กำแพงเพชร	12350.451	15151.346	18568.436	22754.371	27903.07	34261.72	42146.44	51962.914	64233.51	79633.11	99036.61	123582.016	154754.69	194499.86	245373.69
ขอนแก่น	71126.586	87257	106936.11	131043.03	160694.53	197314.14	242722.47	299255.8	369922.5	458609.2	570354.44	711712.2	891236.44	1120130	1413113.8
จันทบุรี	17186.68	21084.354	25839.52	31664.598	38829.44	47678.023	58650.266	72310.71	89386.266	110816.08	137817.66	171974.66	215354.05	270662.75	341457.88
ฉะเชิงเทรา	41365.83	50746.965	62191.957	76212.06	93456.805	114754.05	141162.64	174041.33	215139.7	266718.16	331707	413917.88	518325.72	651445.7	821839.25
ชลบุรี	105692.17	129661.55	158904.19	194726.38	238787.73	293203.47	360679	444686.1	549694.9	681480.94	847531.4	1057585.1	1324353.4	1664483	2099848.8
ชัยนาท	1083.5947	1329.3373	1629.1433	1996.4056	2448.1384	3006.029	3697.8123	4559.0835	5635.6724	6986.7905	8689.199	10842.746	13577.753	17064.885	21528.414
ชัยภูมิ	14368.769	17627.385	21602.9	26472.904	32463.006	39860.785	49034.03	60454.727	74730.59	92646.805	115221.23	143777.88	180044.83	226285.2	285472.84
ชุมพร	2651.487	3252.804	3986.4104	4885.078	5990.4395	7355.561	9048.311	11155.785	13790.128	17096.229	21261.914	26531.51	33223.89	41756.676	52678.65
ตรัง	8161.325	10012.188	12270.242	15036.358	18438.682	22640.549	27850.863	34337.71	42446.266	52622.5	65444.563	81664.47	102263.734	128527.82	162145.84
ตราด	1080.2809	1325.2722	1624.1614	1990.3007	2440.6523	2996.8362	3686.5046	4545.1416	5618.4375	6965.425	8662.628	10809.59	13536.232	17012.7	21462.578
ตาก	11573.562	14198.27	17400.412	21323.035	26147.865	32106.525	39495.266	48694.25	60192.98	74623.89	92806.82	115808.234	145020.03	182265.1	229938.77
นครนายก	5859.805	7188.7197	8809.995	10796.059	13238.917	16255.845	19996.836	24654.37	30476.291	37782.8	46988.996	58634.84	73425.06	92282.586	116420.22
นครปฐม	41899.71	51401.92	62994.62	77195.69	94662.984	116235.086	142984.53	176287.56	217916.34	270160.5	335988.1	419260	525015.4	659853.4	832446.06
นครพนม	1552.3055	1904.3447	2333.8325	2859.955	3507.086	4306.2925	5297.308	6531.1235	8073.3916	10008.939	12447.7295	15532.798	19450.836	24446.332	30840.568
นครราชสีมา	65273.43	80076.44	98136.125	120259.23	147470.66	181076.77	222748.33	274629.44	339480.84	420869.28	523418.78	653143.9	817894.7	1027952.1	1296825.5
นครศรีธรรมราช	6147.1196	7541.193	9241.962	11325.403	13888.037	17052.89	20977.31	25863.21	31970.586	39635.344	49292.94	61509.793	77025.195	96807.35	122128.484
นครสวรรค์	38098.008	46738.06	57278.914	70191.46	86073.91	105688.71	130011.08	160292.42	198144.1	245647.97	305502.84	381219.25	477379.06	599982.9	756915.6
นราธิวาส	3487.533	4278.4526	5243.3735	6425.403	7879.2983	9674.86	11901.3545	14673.343	18138.326	22486.879	27966.055	34897.22	43699.797	54923.07	69288.88
น่าน	7288.399	8941.297	10957.831	13428.086	16466.5	20218.941	24871.97	30664.986	37906.258	46994.063	58444.688	72929.73	91325.734	114780.64	144802.92
บึงกาฬ	1474.1256	1808.4349	2216.2922	2715.9172	3330.456	4089.4114	5030.5166	6202.1914	7666.7866	9504.854	11820.816	14750.509	18471.22	23215.127	29287.326
บุรีรัมย์	28722.195	35235.95	43182.73	52917.54	64891.35	79679	98015.71	120844.9	149381.38	185194.64	230319.4	287402.16	359897.34	452328.66	570640.75
ปทุมธานี	65562.94	80431.61	98571.39	120792.61	148124.73	181879.89	223736.28	275847.5	340986.53	422736.03	525740.3	656040.8	821522.3	1032511.4	1302577.3
ประจวบคีรีขันธ์	2317.044	2842.5142	3483.588	4268.903	5234.8403	6427.774	7907.0103	9748.66	12050.724	14939.811	18580.063	23184.98	29033.227	36489.742	46034.08
ปราจีนบุรี	37987.65	46602.668	57112.992	69988.14	85824.57	105382.555	129634.46	159828.1	197570.13	244936.36	304617.84	380114.9	475996.16	598244.75	754722.94
ปัตตานี	2708.1892	3322.3652	4071.6597	4989.5454	6118.545	7512.86	9241.809	11394.354	14085.033	17461.834	21716.604	27098.889	33934.387	42649.645	53805.184
พระนครศรีอยุธยา	48812.55	59882.496	73387.83	89931.84	110281	135412.2	166574.9	205372.47	253869.39	314733.06	391421.28	488431.88	611635.3	768719.7	969787.7
พะเยา	1624.1033	1992.425	2441.7776	2992.2349	3669.2969	4505.469	5542.322	6833.2036	8446.806	10471.877	13023.465	16251.227	20350.48	25577.035	32267.02
พังงา	5306.902	6510.426	7978.7256	9777.392	11989.751	14722.017	18110.025	22328.094	27600.684	34217.78	42555.33	53102.316	66497	83575.23	105435.35
พัทลุง	1853.2428	2273.53	2786.2805	3414.3997	4186.9863	5141.131	6324.27	7797.279	9638.54	11949.321	14860.906	18544.063	23221.67	29185.617	36819.47
พิจิตร	1999.9067	2453.455	3006.784	3684.6118	4518.3403	5547.9946	6824.766	8414.347	10401.322	12894.978	16036.982	20011.62	25059.404	31495.336	39733.33
พิษณุโลก	29715.799	36454.887	44676.574	54748.14	67136.18	82435.38	101406.414	125025.336	154549	191601.22	238286.97	297344.5	372347.53	467976.34	590381.25
ภูเก็ต	27798.027	34102.195	41793.28	51214.863	62803.406	77115.26	94861.945	116956.58	144574.88	179235.83	222908.64	278154.78	348317.34	437774.6	552279.9
มหาสารคาม	4358.434	5346.8604	6552.74	8029.944	9846.903	12090.85	14873.341	18337.543	22667.797	28102.266	34949.695	43611.695	54612.434	68638.37	86591.57
มุกดาหาร	1536.4734	1884.9219	2310.0295	2830.7861	3471.317	4262.372	5243.281	6464.512	7991.0513	9906.858	12320.772	15374.376	19252.453	24197	30526.021
ยะลา	3341.8508	4099.7314	5024.3457	6156.999	7550.1616	9270.718	11404.207	14060.403	17380.646	21547.55	26797.852	33439.48	41874.35	52628.813	66394.52
ยโสธร	8052.401	9878.5625	12106.48	14835.678	18192.59	22338.38	27479.16	33879.426	41879.766	51920.195	64571.12	80574.555	100898.91	126812.47	159981.81
ระนอง	7760.7305	9520.745	11667.964	14298.307	17533.627	21529.25	26483.818	32652.262	40362.813	50039.55	62232.246	77656	97244.19	122219.1	154186.98
ระยอง	64969.9	79704.08	97679.77	119700.01	146784.9	180234.73	221712.53	273352.38	337902.2	418912.22	520984.8	650106.6	814091.5	1023172.1	1290795.3
ราชบุรี	45681.67	56041.582	68680.664	84163.55	103207.48	126726.74	155890.64	192199.69	237585.98	294545.8	366315.16	457103.38	572404.4	719413.3	907584.6
ร้อยเอ็ด	3822.2212	4689.0425	5746.5645	7042.0283	8635.45	10603.325	13043.49	16081.497	19879.006	24644.877	30649.873	38246.2	47893.523	60193.87	75938.305
ลพบุรี	24205.959	29695.498	36392.74	44596.86	54687.926	67150.39	82603.85	101843.41	125892.85	156074.89	194104.3	242211.47	303307.6	381205.1	480914
ลำปาง	11587.063	14214.832	17420.71	21347.91	26178.37	32143.98	39541.34	48751.055	60263.203	74710.945	92915.09	115943.34	145189.22	182477.72	230207
ลำพูน	5360.9033	6576.675	8059.9155	9876.886	12111.758	14871.826	18294.31	22555.305	27881.549	34565.98	42988.37	53642.688	67173.67	84425.67	106508.24
ศรีสะเกษ	2893.636	3549.8687	4350.472	5331.2114	6537.5205	8027.3125	9874.654	12174.596	15049.522	18657.557	23203.678	28954.523	36258.09	45570.15	57489.58
สกลนคร	5155.8193	6325.0796	7751.578	9499.039	11648.415	14302.895	17594.451	21692.438	26814.922	33243.64	41343.824	51590.555	64603.906	81195.92	102433.71
สงขลา	57580.06	70638.336	86569.445	106085.05	130089.22	159734.4	196494.4	242260.64	299468.44	371264.16	461726.8	576162.06	721494.9	906794.1	1143977.1
สตูล	1031.4338	1265.3473	1550.7216	1900.3052	2330.2932	2861.3284	3519.8118	4339.6235	5364.3887	6650.468	8270.928	10320.811	12924.161	16243.435	20492.1
สมุทรสงคราม	3779.7256	4636.9097	5682.6743	6963.7363	8539.441	10485.439	12898.477	15902.704	19657.994	24370.879	30309.115	37820.984	47361.055	59524.645	75094.05
สมุทรสาคร	36036.992	44209.63	54180.246	66394.25	81417.484	99971.17	122977.76	151620.95	187424.9	232358.92	288975.75	360596.06	451553.88	567525.06	715968.1
สระบุรี	32067.992	39340.523	48213.01	59081.81	72450.43	88960.67	109433.375	134921.89	166782.55	206767.66	257148.92	320881.2	401821.2	505019.63	637113.6
สระแก้ว	22164.143	27190.633	33322.95	40835.035	50074.902	61486.145	75636.07	93252.74	115273.586	142909.73	177731.28	221780.52	277723.1	349049.8	440348.03
สิงห์บุรี	815.3041	1000.20264	1225.7788	1502.1096	1841.9966	2261.757	2782.2598	3430.286	4240.3184	5256.909	6537.8135	8158.1577	10215.994	12839.736	16198.125
สุพรรณบุรี	13836.113	16973.932	20802.074	25491.541	31259.592	38383.133	47216.33	58213.65	71960.3	89212.34	110949.94	138447.97	173370.48	217896.69	274890.25
สุราษฎร์ธานี	48599.766	59621.453	73067.91	89539.82	109800.266	134821.92	165848.78	204477.2	252762.77	313361.1	389715.03	486302.75	608969.06	765368.8	965560.44
สุรินทร์	4157.6465	5100.5366	6250.864	7660.013	9393.268	11533.837	14188.144	17492.754	21623.52	26807.629	33339.605	41602.56	52096.508	65476.29	82602.414
สุโขทัย	1888.8347	2317.1938	2839.7917	3479.9736	4267.398	5239.8667	6445.728	7947.0264	9823.647	12178.809	15146.3125	18900.203	23667.643	29746.13	37526.598
หนองคาย	1934.1224	2372.752	2907.88	3563.4114	4369.7153	5365.501	6600.2754	8137.5693	10059.1875	12470.817	15509.471	19353.365	24235.115	30459.346	38426.36
หนองบัวลำภู	1873.1251	2297.9214	2816.1726	3451.0303	4231.9053	5196.286	6392.118	7880.9297	9741.943	12077.517	15020.338	18743.008	23470.797	29498.73	37214.477
อำนาจเจริญ	4720.8594	5791.4785	7097.6333	8697.673	10665.723	13096.264	16110.135	19862.402	24552.74	30439.113	37855.94	47238.227	59153.734	74346	93792.09
อุดรธานี	7722.2534	9473.542	11610.115	14227.416	17446.695	21422.508	26352.516	32490.377	40162.7	49791.46	61923.715	77271.01	96762.06	121613.16	153422.56
อุตรดิตถ์	7208.01	8842.676	10836.969	13279.977	16284.879	19995.932	24597.639	30326.762	37488.168	46475.727	57800.063	72125.33	90318.44	113514.63	143205.77
อุทัยธานี	7314.785	8973.666	10997.501	13476.701	16526.113	20292.14	24962.012	30776	38043.49	47164.19	58656.27	73193.75	91656.35	115196.164	145327.13
อุบลราชธานี	29522.402	36217.633	44385.81	54391.83	66699.234	81898.875	100746.43	124211.65	153543.16	190354.2	236736.13	295409.22	369924.13	464930.6	586538.9
อ่างทอง	4527.558	5554.339	6807.012	8341.536	10229	12560.018	15450.481	19049.11	23547.393	29192.736	36305.875	45303.984	56731.598	71301.8	89951.65
เชียงราย	28625.848	35117.754	43037.875	52740.03	64673.68	79411.73	97686.914	120439.53	148880.31	184573.47	229546.84	286438.2	358690.16	450811.44	568726.7
เชียงใหม่	71035.445	87145.195	106799.09	130875.125	160488.63	197061.33	242411.44	298872.38	369448.5	458021.6	569623.7	710800.25	890094.56	1118694.8	1411303
เพชรบุรี	28467.652	34923.68	42800.04	52448.58	64316.277	78972.89	97147.09	119773.96	148057.56	183553.47	228278.3	284855.22	356707.9	448320.1	565583.7
เพชรบูรณ์	15580.739	19114.213	23425.049	28705.824	35201.18	43222.945	53169.934	65553.92	81033.93	100461.33	124939.84	155905.19	195231.14	245371.73	309551.72
เลย	11396.828	13981.455	17134.7	20997.424	25748.574	31616.246	38892.16	47950.668	59273.813	73484.35	91389.64	114039.82	142805.55	179481.84	226427.52
แพร่	1642.2676	2014.7085	2469.0867	3025.7	3710.3342	4555.8574	5604.307	6909.626	8541.274	10588.995	13169.122	16432.982	20578.084	25863.09	32627.898
แม่ฮ่องสอน	2954.1426	3624.0972	4441.4414	5442.688	6674.2217	8195.166	10081.137	12429.171	15364.214	19047.691	23688.875	29559.97	37016.26	46523.035	58691.7
