sb	name	pv	pos_peak	pos_avg	pos_ngy	neg_peak	neg_avg	neg_cnt	neg_ngy	mwh 	mw1	max pw	trxno	lat+long	DT	MT	E5:GWh	E2:GWh
ACA	????????? 1	?????	88.079994	33.207565	145431.48	1.33	1.02	18	2.5749998	0	0	100	2	"12.9542,101.1154"	320	866	602	539
ATV	????????? 2 (?)	?????	59.649998	24.919565	108592.44	2.73	0.1344681	474	2.1775002	8	4	50	1	"12.9466,101.1081"	167	168	326	291
BJA	???????	?????	78.380005	30.325758	132825.1	0.17	0.08	4	0.08	0	0	100	2	"12.7308,101.0679"	1349	39382	575	511
BKH	???????? 1	?????	79.4	26.65928	116766.78	1.9300001	1.9300001	2	0.48250002	0	0	100	2	"12.9093,101.3155"	1188	31581	493	440
BKI	???????? 2	?????	67.770004	17.943201	78564.66	11.43	6.825276	164	20.555	0	0	100	2	"12.8762,101.3362"	87	441	141	127
BYA	??????	?????	93.28001	32.897503	144087.11	5.3100004	5.2530003	12	1.6125001	0	0	100	2	"12.6429,101.4878"	1291	38034	764	681
ESA	???????????????? 1	?????	88.28	28.46887	124542.52	0.91	0.32169998	200	16.085	8	4	100	2	"13.0303,101.1744"	303	346	508	454
ESU	???????????????? 3 (?)	?????	41.539997	12.031239	52696.563	0.74	0.74	1	0.185	0	0	50	1		81	111	129	116
HEA	?????? 1	?????	91.21	31.363728	137283.22	3.2	1.0022893	327	28.382496	8	4	100	2	"13.0680,101.1858"	455	1398	644	576
KAA	???? 1	?????	92.56	32.554646	142588.53	0.07	0.07	1	0.0175	0	0	100	2	"12.8070,101.6674"	1471	35073	664	593
KAC	???? 3	?????	65.200005	21.446133	93933.64	1.82	1.075	2	0.5375	0	0	100	2	"12.7310,101.5859"	996	24505	561	502
MBA	??????	?????	99.82001	34.666527	151832.52	9.28	5.536667	14	4.5650005	0	0	100	2	"12.8771,101.2308"	1734	39464	827	738
MPC	???????? 3	?????	59.28	14.823805	64928.266	0	0	0	0	0	0	100	2	"12.7096,101.1754"	650	18779	322	286
NKP	?????????	?????	89.75	31.17393	136539.64	0.3	0.19	2	0.095	0	0	100	2	"12.8248,101.1309"	1035	21636	1000	893
NLL	?????????	?????	26.33	4.9192677	21471.836	2.34	1.2337148	494	43.260002	3	1.5	100	2	"12.8318,101.2523"	97	163	173	155
PLU	??????? 1	?????	96.05	29.788801	130474.95	0	0	0	0	0	0	100	2	"13.0023,101.1366"	1719	42758	833	743
PLV	??????? 2	?????	88.63	26.783792	116969.47	9.98	7.6557345	781	89.20001	8	4	100	2	"13.0037,101.1656"	215	224	369	330
PLW	??????? 3	?????	78.22001	21.963245	96149.38	13.15	7.908	77	23.737501	0	0	100	2	"13.0053,101.1966"	469	7618	440	393
PLX	??????? 4	?????	83.049995	43.13335	188906	1.5	1.2278788	16	1.2975	0	0	100	2	"12.9893,101.1034"	473	2564	722	646
RAA	????? 1	?????	118.6	39.98846	175066.39	8.14	6.6983337	80	54.557503	0	0	100	2	"12.6898,101.2714"	1610	57515	1015	905
RAB	????? 2	?????	89.33001	30.107328	124567.805	11.17	6.572055	8888	4077.301	8	4	100	2	"12.7531,101.1587"	1312	27769	942	841
RAC	????? 3	?????	51.489998	8.796999	35850.164	7.86	5.8152423	13209	18951.443	4	2	90	2	"12.7222,101.1396"	166	601	205	184
RAD	????? 4	?????	117.60999	36.101173	158121.86	6.8999996	6.8999996	2	1.7249999	0	0	100	2	"12.6950,101.2310"	1215	45652	606	539
WCN	?????????	?????	33.480003	13.322093	58342.08	5.04	4.6590004	24	16.585001	0	0	50	1	"12.9638,101.5012"	787	12313	301	269
AKA	??????? 1	??????	70.89001	27.068218	118534.266	12.12	11.196209	37	20.285	0	0	100	2	"13.4523,101.0623"	388	1069	768	687
AKB	??????? 2	??????	67.53	19.17724	83995.64	0.11	0.06	2	0.03	0	0	100	2	"13.4334,101.0496"	210	999	384	344
AKC	??????? 3	??????	90.39	35.542713	155677.1	0	0	0	0	0	0	100	2	"13.4343,101.0980"	301	853	656	587
AKU	??????? 6 (?)	??????	89.41	36.709873	160746.66	0.71	0.13560002	25	0.8475001	0	0	100	2		305	307	629	563
APA	??????? 1	??????	68.479996	21.580853	94522.734	4.39	4.39	1	1.0975	0	0	90	2	"13.1248,100.9278"	772	15056	747	668
BBA	??????? 1	??????	114.11	37.790188	145331.06	36.329998	12.241859	22949	16114.812	8	4	100	2	"13.2194,101.2229"	1256	14509	1016	908
BBB	??????? 2	??????	114.77	41.7193	182711.94	8.38	4.7585716	17	6.1975	0	0	100	2	"13.3088,101.1086"	1169	22829	787	702
BBC	??????? 3 (?)	??????	34.68	9.705618	42361.75	14.74	5.3746986	203	58.072502	5	2.5	25	1	"13.2802,101.1994"	395	6810	275	246
BLA	????????	??????	98.22	35.960617	157503.22	4.06	4.015	5	1.3625001	0	0	100	2	"12.9381,100.9258"	2164	56156	866	768
BNF	??? 2	??????	91.97	41.544003	181955.05	17.43	16.615	8	5.6475	0	0	100	2	"13.0807,101.1200"	1993	34941	1210	1080
BNG	??? 1	??????	87.57001	35.301575	154620.56	1.57	1.57	1	0.3925	0	0	90	2	"13.0990,100.9682"	1707	34978	995	887
BNU	??? 4 (?)	??????	50.18	24.995584	109459.96	0.17999999	0.16	12	0.18	0	0	50	1		444	7303	368	329
BPE	??????	??????	109.96	41.36516	181176.92	0.41	0.41	2	0.1025	0	0	100	2	"13.2404,100.9342"	1740	38272	1134	1012
BSN	?????? 1	??????	89.560005	31.44057	137709.7	0	0	0	0	0	0	100	2	"13.3099,100.9538"	1174	28926	890	794
BSO	?????? 2	??????	63.11	26.870815	117694.164	0	0	0	0	0	0	100	2	"13.3322,100.9356"	1025	33971	452	401
BVU	?????? (?)	??????	28.880001	14.658112	63571.895	8.26	3.051484	35593	186.40248	7	3.5	25	1	"13.3151,101.3231"	992	12190	462	413
BWN	?????? 2	??????	66.87	19.675049	75436.875	12.49	6.930134	16318	19484.309	8	4	100	2	"13.0751,101.0885"	496	4356	500	447
CBA	?????? 1	??????	102.18	36.06011	157942.39	1.43	1.43	1	0.3575	0	0	100	2	"13.3390,100.9914"	991	29402	500	445
CBB	?????? 2	??????	80.799995	39.579185	173197.23	2.08	2.08	209	16.999996	8	4	100	2	"13.4097,100.9999"	1778	47104	919	818
CBC	?????? 3	??????	93.46999	35.99743	157603.97	1.0799999	0.5119828	99	7.745	0	0	100	2	"13.4499,100.9991"	1026	21139	1148	1025
CBD	?????? 4	??????	59.700005	19.601627	85313.19	16.380001	10.046167	653	292.94998	8	4	100	2	"13.3704,101.0349"	757	22793	419	372
CHT	???????? 1	??????	84.68001	22.43282	97744.26	5.11	2.4556336	498	79.43249	8	4	100	2	"12.8588,100.9220"	1213	24571	741	661
CHU	???????? 2	??????	71.12	24.872105	108791.414	19.71	15.184103	224	256.7825	8	4	100	2	"12.9000,100.8989"	1028	33386	637	569
HEB	?????? 2	??????	59.339996	11.441345	49995.098	12.17	5.3626323	241	36	6	3	100	2	"13.1321,101.1486"	74	81	102	92
KMK	??????????	??????	85.7	17.268679	75600.516	13.94	12.4133625	55	57.842503	0	0	100	2	"12.9175,101.0316"	1373	15494	852	761
KPO	?????????	??????	81.27	26.984753	118186.65	9.57	8.982666	11	12.184999	0	0	100	2	"13.4187,101.2831"	1270	21206	828	740
LCA	???????? 1	??????	86.38	21.967358	96217.04	0	0	0	0	0	0	100	2	"13.0946,100.8957"	290	509	559	500
LCB	???????? 2	??????	85.079994	33.307743	145870.92	0.82	0.438	15	1.6424999	0	0	100	2	"13.0754,100.9206"	1198	25264	718	640
NOU	???????? 2 (?)	??????	33.440002	13.235922	57278.633	8.55	5.2785563	3400	278.4837	7	3.5	40	3		155	1301	132	118
NOY	???????? 1	??????	78.450005	19.386545	74134.42	23.359999	11.58408	14310	16752.193	8	4	100	2	"13.1685,101.2791"	675	5835	510	456
PSA	????????	??????	112.12001	35.92344	157343.14	0.34	0.34	1	0.085	0	0	100	2	"16.0502,100.1166"	1672	39543	613	546
PTP	?????? 2	??????	88.479996	43.480858	190443.94	4.56	4.56	3	1.14	0	0	100	2	"13.4213,101.1016"	1844	43987	1871	1669
PYG	?????????	??????	90.52999	25.693464	112530.25	21.68	12.446385	22	7.9500003	0	0	150	3	"12.9353,100.8912"	541	6902	489	437
PYN	?????????? 1	??????	95.920006	23.12507	101285.55	4.8199997	4.8199997	4	1.2049999	0	0	100	2	"12.9561,100.9073"	1096	25444	638	568
PYO	?????????? 2	??????	72.83	34.158936	149550.97	15.31	8.037701	120	94.115005	0	0	100	2	"12.9795,100.9576"	172	4433	49	43
PYT	???????? 1	??????	34.48	2.0686398	9060.161	17.18	12.224001	879	805.80756	1	0.5	100	2	"12.9170,100.8673"	1256	29930	944	843
PYU	???????? 2	??????	101.619995	33.054077	144770.77	11.120001	9.66	8	2.7824998	0	0	100	2	"12.9221,100.8834"	858	16569	523	467
PZA	??????? 1	??????	101.52	28.617325	125328.97	0.39	0.26045454	54	1.6075001	0	0	100	2	"13.1165,100.9993"	402	730	651	583
PZC	??????? 3	??????	44.089996	10.957666	47994.58	0	0	0	0	0	0	100	2	"13.0933,101.0613"	89	99	149	133
PZW	??????? 2 (?)	??????	41.46	17.047445	74615.586	11.809999	10.00074	68	84.3525	0	0	50	1	"13.1156,101.0386"	200	269	428	382
SCA	??????? 1	??????	113.68001	46.851135	205151.19	8.32	6.70359	40	51.870003	0	0	100	2	"13.1605,100.9435"	1644	52505	789	701
ALA	???????	??????	52.25	13.709565	58105.273	14.890001	6.656503	6701	899.04645	7	3.5	50	1	"8.4204,98.7396"	1810	36468	464	414
KBA	?????? 1	??????	94.009995	17.015186	62319.07	15.28	5.506432	18780	16241.087	7	3.5	100	2	"8.0564,99.0204"	1692	36039	454	406
KBB	?????? 2	??????	124.69	39.724766	173708	7.87	5.7575607	497	309.0225	8	4	100	2	"8.0949,98.8894"	2539	55142	1287	1150
KTM	????????	??????	69.67	19.63424	68855.85	36.130005	1.720919	23669	1463.4706	8	4	100	2	"7.8659,99.1525"	2039	41434	506	453
ARA	?????????? 1	???????	74.73	14.920713	60222.03	44.760002	15.192354	27282	13154.4375	7	3.5	90	2	"13.7246,102.4759"	1493	49973	366	325
ARB	?????????? 2	???????	64.92999	22.99501	100689.01	7.66	5.4789324	1011	542.82764	8	4	100	2	"13.6746,102.5452"	491	13838	185	165
SKW	???????	???????	81.53	23.753197	78215.12	38.99	12.36698	28370	16834.521	8	4	100	2	"13.8944,101.9871"	1665	43974	703	627
WNA	????????	???????	66.41	14.409707	56656.83	33.14	13.534362	16560	14113.048	7	3.5	50	2	"13.7687,102.2423"	1633	45385	531	474
WYA	??????????	???????	60.57	12.552304	48832.5	29.59	7.533176	20382	6337.44	6	3	100	2	"13.4126,102.1979"	1334	34847	280	250
AYA	?????? 1	???????????????	83.61	27.763054	119300.07	6.56	2.8408067	15104	3516.5486	8	4	100	2	"14.3631,100.5532"	1189	33325	655	583
AYB	?????? 2	???????????????	59.79	18.947529	82989.36	2.34	2.34	1	0.585	0	0	100	2	"14.3832,100.6036"	886	18928	553	493
BIA	???????? 1	???????????????	89.229996	27.45008	120227.4	3.6499999	2.6599998	5	1.0374999	0	0	100	2	"14.2121,100.5872"	1613	28878	852	759
BIC	???????? 3	???????????????	61.53	10.749672	43335.6	17.68	4.2998033	7323	2292.1338	5	2.5	100	2	"14.1692,100.5221"	455	4248	432	386
BKS	?????????? 1	???????????????	60.560005	2.4503963	10674.438	12.679999	2.5221653	3379	32.79748	2	1	80	2	"14.2020,100.5850"	215	277	423	378
BKT	?????????? 2	???????????????	19.67	3.5338712	15478.355	7.61	7.61	1	1.9025	0	0	100	2	"14.1883,100.5905"	64	64	134	120
BLS	???????????	???????????????	101.75	35.976105	157573.05	2.01	2.01	3	0.5025	0	0	100	2	"14.2052,100.6647"	1102	16905	852	760
BNL	??????? 1	???????????????	27.349998	6.4017587	28039.703	4.19	0.6975099	16627	2899.3743	4	2	90	2	"14.2498,100.6103"	151	206	292	261
BNM	??????? 2 (?)	???????????????	25.34	5.724755	25067.713	7.44	6.6359377	34	10.6175	0	0	90	2	"14.2407,100.6058"	77	79	141	126
BPH	?????????	???????????????	48.46	12.8807	49154.016	7.58	3.9161823	14959	10170.356	6	3	100	2	"14.4991,100.5913"	292	4602	306	273
BPI	????????	???????????????	47.73	10.850997	43992.742	31.18	13.918329	15162	13945.209	5	2.5	100	2	"14.5038,100.5193"	748	15901	321	287
BSA	??????	???????????????	73.11	24.350643	94858.15	20.7	7.7773943	9625	5571.505	8	4	100	2	"14.1781,100.4801"	658	10260	288	257
LBL	??????????	???????????????	46.2	14.27889	61175.03	15.549999	7.6282873	11541	4438.8843	7	3.5	100	2	"14.1920,100.2916"	1100	16542	379	337
NKL	???????	???????????????	51.670002	17.220972	75416.78	22.509998	16.791348	33	23.57	0	0	100	2	"14.4540,100.6679"	966	21534	552	492
RCN	????? 1	???????????????	40.5	4.015469	17586.62	2.1499999	2.1342306	27	0.62249994	0	0	80	2	"14.3204,100.6426"	246	344	493	441
RCO	????? 2	???????????????	94.869995	32.56225	140872.47	40.33	25.919298	5489	2035.926	8	4	100	2	"14.3052,100.6144"	1477	30172	872	777
RCQ	????? 3	???????????????	24.73	12.761535	53079.344	5.54	2.112956	3637	1438.3284	6	3	100	2	"14.3273,100.6683"	248	3572	288	258
RCR	????? 4	???????????????	41.440002	10.421298	45645.28	0	0	0	0	0	0	100	3	"14.3437,100.6836"	388	6242	242	216
RCS	????? 5	???????????????	55.860004	10.007471	43791.547	3.48	1.7910637	1754	242.46751	5	2.5	100	2	"14.3371,100.6335"	122	134	250	224
SNA	????	???????????????	81.96	28.81651	125932.62	12.559999	4.6904697	368	46.5675	8	4	100	2	"14.3130,100.3981"	1757	46376	624	555
WAA	??????? 1	???????????????	102.70999	29.4384	127159.65	14.559999	6.177068	1487	537.27484	8	4	100	2	"14.2494,100.7033"	1166	24702	573	510
WAB	??????? 2	???????????????	82.92999	25.296185	110797.22	0.03	0.03	1	0.0075	0	0	100	2	"14.2705,100.7958"	642	5610	518	463
BAK	???????	??????????	95.490005	31.66209	138679.73	0.83	0.83	1	0.2075	0	0	100	2	"13.8552,101.1632"	1503	25440	529	472
BAP	?????????????	??????????	88.68	29.806417	130551.766	1.11	1.11	1	0.2775	0	0	100	2	"13.8705,101.1457"	1432	28010	492	439
BGR	??????? 3	??????????	45.49	10.2774935	44973.195	6.61	3.5654206	145	37.955	0	0	100	2	"13.4839,100.9727"	340	7520	261	233
BSK	???????? 2	??????????	77.41	18.052887	79070.91	1.53	0.935	2	0.4675	0	0	100	3	"13.5669,100.9387"	484	4021	493	440
BSL	???????? 3	??????????	64.15	27.410946	119956.375	1.37	0.5104785	87	5.09	0	0	100	2	"13.6063,100.9447"	198	1298	312	279
BSM	???????? 1	??????????	123.25	69.23532	303146.3	2.31	1.4143354	83	5.8424997	0	0	150	3	"13.5795,100.9259"	330	355	738	660
BSU	???????? 4 (?)	??????????	1199.9	24.960419	109324.69	0.08	0.08	2	0.02	0	0	50	1	"13.5793,100.9502"	129	130	275	246
BWA	?????? 1	??????????	62.74	21.402885	93738.1	19.089998	15.955714	32	35.525	0	0	100	2	"13.5159,100.9824"	733	13212	627	560
BWB	?????? 2	??????????	58.99	25.940586	113618.24	1.08	1.08	3	0.27	0	0	100	2	"13.5271,100.9675"	711	18487	499	445
CCA	?????????? 1	??????????	97.66999	31.53968	138120.23	0.67999995	0.35095236	45	1.4325	0	0	100	2	"13.6253,101.0324"	1289	28778	733	654
CCB	?????????? 2	??????????	75.68	21.701723	95053.4	2.18	2.18	1	0.545	0	0	100	2	"13.6604,101.0879"	987	18763	541	483
CCX	?????????? 3 (?)	??????????	64.47	17.229008	75219.5	2.97	1.5024999	1658	38.627483	8	4	50	1		65	1882	31	27
FYU	??????? (?)	??????????	37.989998	17.828417	78013.414	5.48	3.7575116	74	43.972492	0	0	50	1	"13.5839,101.2781"	911	20911	406	362
HSR	????????	??????????	45.989998	15.689096	68718.24	0	0	0	0	0	0	100	2	"13.6006,101.3443"	247	306	452	404
KOB	???????? 2	??????????	31.66	12.131208	52915.8	3.7400002	1.6030467	678	35.747498	6	3	100	2	"13.6080,100.9815"	226	2709	286	255
KWA	???????? 1	??????????	75.600006	17.13964	75071.234	4.7	2.5636363	23	5.7	0	0	100	2	"13.7334,101.0253"	882	22995	613	547
KWB	???????? 2	??????????	78.729996	27.402468	119736.11	3.1599998	2.4836924	415	37.051247	8	4	100	2	"13.7576,100.9927"	686	13122	547	489
KWU	???????? 3 (?)	??????????	39.239998	14.404267	63090.01	0.27	0.27	1	0.0675	0	0	50	1		167	1129	219	196
PHA	?????????	??????????	81.65	36.18901	158343.98	2.27	0.8823855	197	21.7975	0	0	100	2	"13.7845,101.5276"	1509	34510	532	474
SNK	??????????	??????????	71.310005	23.141665	101359.82	2.83	2.83	1	0.7075	0	0	100	2	"13.5772,101.9042"	1726	38649	466	416
BAL	??????	?????????	103.17	39.83671	174483.13	2.54	2.2749999	3	1.0525	0	0	100	2	"13.5868,100.2473"	555	9955	527	471
BNP	????????	?????????	94.44999	20.481565	87641.07	11.91	5.6022034	8436	5094.1934	8	4	100	2	"13.5665,100.1165"	1233	23305	617	551
EKA	?????? 1	?????????	104.049995	43.533794	190658.1	15.459999	9.708611	21	9.0925	0	0	100	2	"13.5840,100.3187"	832	12441	592	529
EKB	?????? 2	?????????	83.7	23.585636	103170.01	21.77	15.00876	279	249.30249	8	4	100	2	"13.5559,100.2856"	466	6659	357	318
KTA	?????????? 1	?????????	85.78999	31.349497	137309.58	1.98	1.98	2	0.495	0	0	100	2	"13.6447,100.2972"	732	12741	604	540
KTB	?????????? 2	?????????	89.869995	34.909866	152806.95	5.6600003	4.08075	82	12.885	0	0	100	2	"13.6264,100.3112"	935	5963	832	744
KTD	?????????? 4	?????????	67.38	27.265953	119113.39	3.4899998	3.444292	381	142.22496	8	4	100	2	"13.6766,100.2690"	417	7295	409	365
KTE	?????????? 5	?????????	99.78999	42.576683	186485.48	3.22	1.8100001	2	0.90500003	0	0	100	2	"13.6388,100.2407"	1139	19097	760	679
KTU	?????????? 6 (?)	?????????	18.92	10.119058	43704.64	0.7	0.6999989	51994	1819.7854	5	2.5	25	1	"13.6335,100.3228"	135	732	118	105
ONA	???????? 1	?????????	96.72	30.598064	134012.25	21.96	18.158333	14	7.119999	0	0	100	2	"13.7122,100.3148"	551	9068	524	468
ONB	???????? 2	?????????	84.43001	28.777533	126004.69	11.190001	6.4747796	42	7.3625	0	0	100	2	"13.6714,100.3079"	845	17196	620	553
ONC	???????? 3	?????????	74.07	24.268578	106275.84	18.18	9.544174	759	208.71756	8	4	100	2	"13.7060,100.2976"	366	9707	397	354
OND	???????? 4	?????????	57.759995	10.98581	48117.848	0	0	0	0	0	0	100	2	"13.7163,100.3220"	389	9696	246	219
ONU	???????? 5 (?)	?????????	31.44	5.8934646	25809.615	2.47	2.47	14	0.6475	0	0	50	1	"13.6868,100.3266"	219	3718	189	169
SAA	??????? 1	?????????	109.33	20.844305	91297.84	11.46	11.46	1	2.865	0	0	150	3	"13.6908,100.2927"	256	4742	274	245
SMA	????????? 1	?????????	83.21001	37.09294	162467.06	0.01	0.01	2	0.005	0	0	150	3	"13.5930,100.2827"	726	13410	536	478
SMB	????????? 2	?????????	145.18999	46.5733	195649.58	29.53	10.450309	19532	2189.4602	8	4	150	3	"13.5418,100.2293"	776	8873	737	659
SMD	????????? 4	?????????	85.48	14.383979	63000.785	2.21	1.75	3	0.72999996	0	0	100	2	"13.5446,100.2643"	282	7607	158	140
SME	????????? 5	?????????	87.560005	39.92037	165030.23	20.89	8.300296	12249	4861.1787	8	4	100	2	"13.5094,100.1329"	850	10681	644	575
SMF	????????? 6	?????????	112.399994	49.1455	213306.33	17.570002	9.030669	3403	775.44543	8	4	100	2	"13.5591,100.3134"	1476	27643	750	668
SMG	????????? 7	?????????	74.33	24.189625	105942.914	11.120001	7.9674997	7	2.8175	0	0	100	2	"13.5830,100.2919"	350	3559	301	269
SMI	????????? 9	?????????	59.71	23.576742	103254.31	6.35	4.621692	38	14.977499	0	0	100	2	"13.6245,100.3415"	591	5572	415	371
SMW	????????? 11 (?)	?????????	46.449997	21.132618	92556.8	12.06	7.75	6	3.9125001	0	0	50	1		503	13779	319	285
SMX	????????? 12 (?)	?????????	46.969997	18.57724	81344.05	14.24	3.0216725	51	14.8275	0	0	50	1	"13.6019,100.3606"	515	4953	383	342
SXA	???????	?????????	72.95999	19.73095	86371.69	1.6	0.8116049	147	4.75	0	0	100	2	"13.5570,100.3431"	335	1296	404	362
THS	??????? 1	?????????	107.41	27.174654	119016.766	28.04	25.640238	19	18.27	0	0	130	3	"13.5501,100.2331"	150	284	275	246
BDA	???????	????????	44.71	9.395683	41153.094	0	0	0	0	0	0	100	2	"13.9791,100.5546"	314	555	694	621
BKA	???????? 1	????????	127.07	39.059975	171075	17.75	12.266667	10	5.2425003	0	0	150	3	"14.0587,100.6167"	1143	25212	786	701
BMA	???????? 1	????????	70.32	23.995935	105100.96	2.1000001	1.575	4	0.53000003	0	0	100	2	"13.9766,100.5691"	891	21729	444	394
BMB	???????? 2	????????	66.71	22.614151	99046.7	5.2599998	5.15	4	1.4575	0	0	100	2	"13.9920,100.5825"	909	20820	448	398
BPN	??????	????????	82.21001	21.535234	94249.56	12.860001	8.320797	116	23.3825	0	0	100	2	"13.9751,100.5503"	436	9821	299	266
KHC	????????	????????	100.69	32.090267	140555.34	0	0	0	0	0	0	100	2	"14.0355,100.7721"	1310	41206	459	407
KHL	???????	????????	110.479996	35.558857	155743.11	15.58	14.886666	9	4.9225	0	0	100	2	"13.9406,100.7111"	1265	24313	447	399
KLO	????????	????????	117.240005	49.217636	215566.89	8.51	8.426666	5	2.2	0	0	100	2	"14.0667,100.7061"	2284	36640	1693	1511
KQA	????	????????	59.909996	9.88747	43307.11	0	0	0	0	0	0	100	2	"13.9483,100.6854"	781	22667	177	158
KQU	???? (?)	????????	47	14.906559	65288.57	7.3999996	6.5	3	2.1	0	0	50	1		427	10314	153	137
LAK	???????????	????????	85.939995	30.672241	131914.69	10.37	4.8648467	3770	1530.123	8	4	100	2	"14.0311,100.3856"	1347	18586	941	840
LLK	??????? 1	????????	107.96	44.51268	194965.53	0	0	0	0	0	0	100	2	"13.9473,100.7872"	2163	26566	1096	981
MUB	???????? 2	????????	48.23	17.374931	76101.37	1.63	1.63	1	0.4075	0	0	100	2	"13.9724,100.6153"	398	11592	238	212
NVA	????? 1	????????	48.739998	9.144703	40029.25	3.5	2.714957	1087	82.552475	5	2.5	100	2	"14.1218,100.6051"	198	644	382	341
NVB	????? 2	????????	19.320002	6.799633	29781.38	1.42	1.42	1	0.355	0	0	50	1	"14.0993,100.5976"	37	288	90	81
NVC	????? 3	????????	41.93	10.068078	44059.324	24.46	4.069717	206	16.409998	5	2.5	100	2	"14.1190,100.5924"	210	245	430	385
NVD	????? 4	????????	70.47	22.037321	96517.98	11.37	9.726667	7	3.2950003	0	0	100	2	"14.1158,100.6101"	869	8412	526	470
PQA	???????? 1	????????	90.850006	33.03382	144449.98	10.8	4.930398	247	32.887497	8	4	100	2	"14.0416,100.4744"	1133	17886	785	700
PQB	???????? 2	????????	77.1	26.841019	117563.516	0.48	0.48	1	0.12	0	0	100	2	"13.9563,100.5128"	1169	28578	537	477
PQC	???????? 3	????????	94.380005	33.095993	144945.67	7.0299997	3.4291666	15	6.25	0	0	100	2	"13.9784,100.5243"	670	16523	477	425
PQD	???????? 4	????????	66.24	20.93724	91703.19	4	2.2399998	4	1.02	0	0	100	2	"14.0642,100.5231"	1006	15625	526	469
RGA	?????? 1	????????	94.72	22.909061	100341.58	3.62	3.62	1	0.905	0	0	100	2	"13.9825,100.6185"	542	13278	305	271
RSA	????????? 1	????????	102.33	34.229763	149924.25	2.21	2.21	2	0.5525	0	0	100	2	"13.9613,100.6429"	1050	39048	279	245
SKK	??????	????????	58.93	18.902887	82789.66	12.43	12.43	5	5.11	0	0	100	2	"14.1085,100.5708"	742	9872	431	385
TMS	??????????	????????	81.58001	16.102	70413.96	9.049999	5.1321807	1572	101.0875	8	4	150	3	"14.0671,100.6057"	1020	23057	625	558
TYA	???????	????????	113.060005	43.33506	189798.55	7.6000004	6.0575	9	2.5	0	0	100	2	"13.9978,100.6743"	1504	44372	585	518
BRA	????????? 1	?????????	95.9	33.142685	125255.36	23.01	10.432417	23330	15175.907	8	4	100	2	"15.0220,103.1081"	1970	64905	772	685
BRB	????????? 2	?????????	63.85	24.260609	102445.36	23.929998	11.082508	4294	2135.5803	8	4	50	1	"14.9552,103.0713"	1701	56016	633	563
NAR	??????	?????????	26.939999	9.403747	40423.887	15.21	10.6013775	1130	1479.0924	5	2.5	50	1	"14.6244,102.8701"	584	22819	200	180
NOK	???????	?????????	79.71	27.709385	102298.09	30.11	11.915009	27773	18731.547	8	4	100	2	"14.6967,102.5015"	1626	60916	737	659
PVA	?????????	?????????	68.490005	23.129908	96559.09	19.96	7.4912825	12107	8790.463	8	4	100	2		1380	57496	490	441
XTA	????	?????????	27.099998	5.5557213	23141.828	12.6	7.0247993	8177	8071.326	3	1.5	50	1	"15.2715,103.2708"	560	24924	140	123
BSG	?????????	??????????	71.46999	14.951572	58139.508	31.720001	10.737015	19550	9187.508	7	3.5	100	2	"14.0084,101.2450"	881	13287	386	345
KBI	??????????? 1	??????????	67.78	15.635085	68382.375	13.91	4.3848667	1619	187.54004	8	4	100	2	"14.0733,101.8273"	156	200	309	276
KBJ	??????????? 2	??????????	103.520004	35.035034	152171.25	10.87	3.9210167	1092	266.72876	8	4	100	2	"14.0226,101.7821"	1960	41130	707	634
KBK	??????????? 3	??????????	31.869999	4.5421643	19858.59	8.7699995	5.377773	528	40.6875	3	1.5	50	1	"14.0598,101.8415"	66	77	117	105
KBL	??????????? 4	??????????	38.699997	11.327345	49510.617	9.700001	7.1609583	142	12.775	0	0	100	2	"13.9145,101.6521"	585	7716	414	370
NSI	?????	??????????	56.769997	12.255537	47794.06	35.19	10.5214	18771	12495.068	6	3	100	2	"14.0105,101.7025"	1029	21387	385	345
PAA	?????????? 1	??????????	85.61	28.98145	125509.71	14.559999	6.942181	3471	941.45575	8	4	100	2	"14.1472,101.3179"	2011	51506	876	781
PAB	?????????? 2	??????????	41.49	10.286957	43730.176	9.01	1.2534748	2021	442.13513	5	2.5	100	2	"13.8407,101.5447"	582	11555	350	313
PCK	??????????	??????????	38.489998	8.532904	36191.15	9.25	2.7786431	6003	2133.5728	4	2	50	1	"14.0985,101.5087"	863	24875	229	203
SMP	?????????? 1	??????????	85.990005	33.550686	141960.61	22.32	6.478484	11028	5817.388	8	4	100	2	"13.9487,101.5129"	1736	41164	1037	925
SMQ	?????????? 2	??????????	35.04	7.1289716	31213.422	3.2099998	2.343077	18	5.8975005	0	0	100	2	"13.8270,101.5278"	62	138	88	79
CAA	???? 1	????????	56.81	17.058548	72359.766	6.92	1.5519829	3224	617.3187	8	4	100	2	"12.8150,99.9570"	599	12185	275	245
CAB	???? 2	????????	60.13	20.879862	87491.67	10.8	4.579329	14767	11449.566	8	4	100	2	"12.7177,99.9279"	1628	31246	936	836
CAC	???? 3	????????	14.08	6.528919	28596.666	0	0	0	0	0	0	100	2	"12.7516,99.9597"	379	10687	227	202
CAU	???? 3 (?)	????????	33.67	5.850369	25624.617	0	0	0	0	0	0	25	1	"12.7521,99.9592"	231	5462	153	136
KHY	??????? 1	????????	68.06	17.455572	70838.53	27.11	12.628871	7148	4080.9287	8	4	100	2	"13.2182,99.8181"	1021	19166	442	396
KHZ	??????? 2	????????	77.76	12.977156	47946.016	27.189999	8.845857	28035	12974.463	6	3	100	2	"13.2863,99.7869"	601	8043	403	361
PBA	???????? 1	????????	100.60999	41.76876	182946.11	1.99	1.99	1	0.4975	0	0	100	2	"13.0897,99.9421"	2420	79031	1155	1030
PBB	???????? 2	????????	43.06	19.579792	81012.73	14.33	6.366013	14877	14074.045	8	4	50	1	"13.0127,100.0500"	1374	42494	609	543
CDO	????????	?????????	28.53	9.781777	42830	5.02	3.082581	124	95.56001	0	0	50	1	"19.3441,98.9604"	1079	46318	204	181
CMA	????????? 1	?????????	102.96	32.78582	143600.36	2.47	2.47	2	0.6175	0	0	100	2	"18.7679,99.0089"	1490	43715	1066	947
CMB	????????? 2	?????????	99.49	36.934723	161774.1	0	0	0	0	0	0	100	2	"18.8116,98.9994"	1581	36450	1113	990
CMC	????????? 3	?????????	98.14	31.778532	139189.95	0	0	0	0	0	0	100	2	"18.7179,98.9429"	1498	46097	654	577
CMD	????????? 4	?????????	91.53	29.04545	127213.6	6.09	5.79	7	2.0525	0	0	100	2	"18.7971,98.9611"	1880	32151	1908	1702
CME	????????? 5	?????????	22.96	12.200116	53436.51	0	0	0	0	0	0	100	2	"18.8018,99.0130"	0	0	0	0
CMF	????????? 6	?????????	29.37	12.668865	55484.926	5.81	5.476	10	13.69	0	0	100	2	"18.7773,98.9808"	0	0	0	0
CMU	????? (?)	?????????	38.73	11.483915	50299.55	0	0	0	0	0	0	25	1	"18.7743,98.9795"	578	9836	656	586
CMV	????????? 5 (???????) (?)	?????????	32.34	9.941036	43509.984	5.7200003	3.6578488	90	53.507504	0	0	25	3	"18.8036,99.0131"	255	6530	299	267
DKA	?????????	?????????	60.429996	18.014582	78903.42	5.3	5.3	3	1.325	0	0	50	2	"18.8507,99.0896"	1253	37746	649	576
FAA	???	?????????	65.32	19.890812	86883.99	18.77	15.246251	16516	7497.9424	8	4	50	1	"19.8539,99.1981"	679	21199	232	207
HOA	???	?????????	12.969999	2.3386123	10235.006	6.27	3.2540002	54	18.247501	0	0	75	2	"18.2230,98.6122"	281	8201	125	112
MRM	??????	?????????	102.16	42.168915	184699.84	0	0	0	0	0	0	100	2	"18.9164,98.9640"	2835	73378	1663	1482
SGA	?????????	?????????	71.979996	22.297674	97538.05	17.98	11.280639	367	292.67	8	4	100	2	"18.6358,98.8980"	1956	78324	847	752
SKP	????????	?????????	93.020004	36.74947	160956.27	8.47	4.5	7	2.7825	0	0	100	2	"18.7358,99.0868"	2166	78622	903	799
DOP	??????	???????	58.01	16.873117	64098.246	16.289999	10.274716	18447	19721.559	8	4	100	2	"14.6566,100.5947"	891	29249	417	371
KYE	??????	???????	43.869995	4.658085	20396.166	6.59	4.895423	732	895.8624	3	1.5	100	2	"14.3865,100.9071"	121	2230	115	103
MLK	????????	???????	45.41	13.519558	59211.773	15.73	12.081078	94	94.0975	0	0	100	2	"14.6313,101.1841"	871	12606	510	456
NOH	?????? 1	???????	74.4	25.461107	111510.05	3.23	2.9669232	16	1.2425001	0	0	100	2	"14.3505,100.8546"	1207	26480	574	514
NPL	????????	???????	64.63	19.431877	85109.66	3.1799998	2.54	4	0.98249996	0	0	100	2	"14.3745,100.8340"	189	208	352	315
PJA	?????????? 1	???????	63.819996	19.340508	84696.41	3.1299999	2.4398265	33	6.465	0	0	100	2	"14.7603,100.7242"	797	19150	400	358
PJB	?????????? 2	???????	82.00001	21.945856	94917.52	6.1800003	3.2968287	3912	1033.6101	8	4	100	2	"14.7100,100.8335"	683	15401	506	453
SRA	??????? 1	???????	83.829994	24.773287	108170.55	8.24	5.5757527	1337	237.49971	8	4	100	2	"14.5134,100.9135"	814	26871	452	402
SRB	??????? 2	???????	53.750004	12.872128	55400.06	5.33	1.5333182	1665	209.17249	7	3.5	40	1	"14.6139,101.0818"	447	7970	299	267
SRD	??????? 4	???????	48.229996	9.072354	39732.055	13.030001	7.999357	17	9.1075	0	0	100	2	"14.4088,100.8646"	409	7848	210	188
SRE	??????? 5	???????	110.7	35.88455	157172.98	3.5500002	3.5500002	2	0.88750005	0	0	100	2	"14.5164,100.8970"	1994	46268	726	647
SRF	??????? 6	???????	43.34	7.1962557	31436.969	11.18	6.8748465	885	210.85	4	2	100	2	"14.5636,100.9751"	563	10896	324	288
TDA	?????????	???????	79.490005	17.148409	69598.31	20.11	4.8474708	22961	8587.239	8	4	100	2	"14.5663,101.0072"	976	19530	661	589
TLA	?????? 1	???????	59.25	8.235659	35573.223	11.21	4.7144117	836	301.23254	4	2	50	1	"14.5817,100.7683"	374	12198	152	136
WAM	???????	???????	58.15	20.30756	80981.9	26.82	6.970854	14689	6246.4707	8	4	100	2	"14.9189,101.2035"	921	17446	446	398
WIA	????????	???????	61.319996	17.828672	76405.38	14.91	2.9736042	2929	653.2187	8	4	50	1	"14.3786,100.9574"	909	23381	427	382
NAT	??????	????????	27.029999	8.703639	38018.188	7.18	4.004741	199	58.4175	0	0	50	1	"17.1104,100.8195"	977	40286	294	261
PLA	???????? 1	????????	76.979996	26.247673	114964.81	0	0	0	0	0	0	100	2	"16.8365,100.2390"	1130	31792	527	472
PLC	???????? 3	????????	96.08	31.32918	137221.05	0.95	0.95	2	0.2375	0	0	100	2	"16.7860,100.2175"	1792	49509	779	697
PLE	???????? 5	????????	76.72	19.346832	84715.44	6.49	4.766314	292	64.96252	8	4	100	2	"16.8574,100.3125"	837	24704	272	243
PLZ	???????? 6 (?)	????????	28.85	8.129279	35605.59	0.64	0.64	2	0.32	0	0	25	1	"16.7752,100.1836"	748	14075	265	236
QRA	?????????	????????	27.87	6.2150116	22682.55	6.8500004	2.4001925	16240	8697.054	3	1.5	50	1	"17.0973,100.1427"	671	17122	219	195
WBT	????????	????????	27.669998	8.583538	37594.645	3.26	3.0900002	3	2.3175	0	0	50	2	"16.9560,100.3382"	725	18423	216	192
WGT	??????	????????	87.96	34.34036	150213.13	22.23	15.940212	255	301.6675	8	4	100	2	"16.8297,100.4093"	2226	61834	702	625
BPA	???????? 1	???????	91.17999	35.889217	157188.81	13.16	10.065001	12	5.5175	0	0	100	3	"13.7917,99.9578"	1248	29598	604	537
BPB	???????? 2	???????	90.799995	31.829834	119847.99	33.66	16.675861	24669	16583.238	8	4	80	2	"13.9129,99.9396"	1146	34887	508	452
CBN	??????	???????	73.75	26.172207	113452.1	19.289999	7.141476	3749	1034.921	8	4	100	2	"13.7837,99.4480"	1485	25746	606	541
DNA	???????????	???????	92.13	42.34435	185467.31	1.99	1.99	1	0.4975	0	0	100	2	"13.7384,99.9931"	2168	65135	616	549
NOM	??????????	???????	43.719997	19.962282	85547.26	7.58	3.050837	1810	683.25024	8	4	50	1	"13.8313,99.6454"	637	15502	321	286
PTH	??????	???????	92.62	38.42116	168282.8	2.35	2.085	2	1.0425	0	0	100	2	"13.3618,99.8624"	1822	44734	774	692
PTR	??????? 1	???????	88.549995	31.633272	138510.45	7.4599996	6.6598387	58	29.464998	0	0	100	2	"13.6825,99.8789"	1089	34627	600	535
PTS	??????? 2	???????	33.97	8.517803	37255.008	3.28	2.582902	111	36.2325	0	0	50	1	"13.7199,99.8028"	710	15836	228	204
RBA	??????? 1	???????	84.020004	20.421782	89445.41	30.599998	20.70665	170	312.0425	0	0	75	2	"13.5289,99.7993"	533	15140	324	288
RBB	??????? 2	???????	73.770004	26.485273	115596.65	4.52	2.7236454	1005	202.19499	8	4	100	2	"13.5054,99.7949"	1481	37212	585	521
RBC	??????? 3	???????	48.91	18.22358	79819.266	0	0	0	0	0	0	100	2	"13.5638,99.7883"	1026	21721	451	402
RBU	??????? 3 (?)	???????	29.41	13.248538	58023.44	4.52	4.235965	22	15.5875	0	0	25	1	"13.5329,99.7951"	703	12606	387	345
RIU	????????????????????? (?)	???????	19.48	5.122346	22435.875	0	0	0	0	0	0	50	1		67	68	134	120
BCA	???????	???????	73.020004	30.04472	129055.46	21.73	14.337063	3587	1548.1324	8	4	100	2	"16.0793,102.7237"	1981	75301	885	787
CHA	?????	???????	64.72	18.500313	77290.47	15.640001	6.797733	6085	1910.0536	8	4	100	2	"16.6606,101.7372"	1712	73985	714	635
KKA	??????? 1	???????	140.54001	46.412373	202335.9	23.67	13.570925	1135	238.46007	8	4	125	3	"16.4136,102.8166"	1759	41383	1715	1528
KKB	??????? 2	???????	95.47	37.304607	162726.28	5.48	0.80890715	659	133.26746	8	4	100	2	"16.4191,102.8714"	1463	42397	1261	1122
KKC	??????? 3	???????	104.439995	45.085102	188944.5	11.97	5.197747	16745	6099.0874	8	4	100	3	"16.5070,102.8015"	2752	75632	1700	1511
KRA	??????	???????	73.26	24.689455	104261.13	21.65	8.054356	6092	1496.8225	8	4	100	2	"16.6886,103.1173"	1932	88187	732	650
NOA	????????	???????	73.170006	24.554	83378.734	37.089996	12.717036	39328	29493.238	8	4	100	2	"16.4874,102.4634"	1876	91002	632	560
NQA	??????	???????	68.18	15.557285	53743.51	29.08	14.26762	21789	22590.65	6	3	50	2	"16.6750,102.7938"	1290	46532	736	656
POA	??	???????	34.11	8.82253	31771.096	17.71	9.5144005	15952	23941.428	4	2	100	2	"15.8071,102.5766"	1776	76990	599	531
BEA	?????? 1	??????	88.920006	28.507652	116573.09	46.510002	17.715914	22354	31989.563	8	4	100	2	"14.0391,100.1682"	722	11414	273	243
BEU	?????? 2 (?)	??????	31.890001	11.432685	50046.023	4.26	2.852143	260	5.1375	6	3	25	1	"13.8976,100.2812"	375	3778	228	204
BEV	?????? 3 (?)	??????	22.1	9.561126	38519.547	10.3	5.278055	5792	2537.8252	5	2.5	25	1	"14.0101,100.2311"	436	5022	202	180
DTM	??????	??????	93.86	29.280613	125098.89	28.7	12.26188	9616	5928.8677	8	4	100	2	"13.9784,100.0918"	1150	26579	564	502
KSA	????????	??????	103.329994	34.44233	134042.13	27.5	9.12289	31112	11955.822	8	4	100	2	"13.9878,99.9934"	2041	39586	1028	920
NCA	????????? 1	??????	68.86	21.928696	95973.69	0.51	0.2512801	664	41.712498	8	4	150	4	"13.7498,100.1880"	720	18031	393	350
NCB	????????? 2	??????	78.049995	25.597658	110632.52	4.0600004	1.7695684	3157	589.04126	8	4	100	2	"13.8650,100.2076"	982	24760	535	477
NPT	?????? 1	??????	106.66	39.16899	171535.03	7.0699997	3.1024601	32	5.0075	0	0	100	2	"13.8006,100.0950"	904	25612	568	506
NPU	?????? 2	??????	104.21	38.433563	156327.47	24.09	15.962871	15817	17624.648	8	4	100	2	"13.8740,99.9982"	1227	34171	834	743
NPV	?????? 3	??????	94.48	34.938866	153031.48	7.92	5.88	3	2.6	0	0	100	2	"13.8116,100.0788"	929	23838	600	535
OYI	???????? 1	??????	93.97	19.005178	83001.734	15.95	12.533299	2638	114.445015	8	4	100	2	"13.7297,100.2501"	592	12770	547	489
OYK	???????? 2	??????	92.79	39.850533	174517.53	12.349999	10.055366	45	54.167496	0	0	100	2	"13.7239,100.2981"	798	12334	633	565
OYL	???????? 3	??????	82.350006	33.7308	147739.3	7.1800003	5.5	3	2.035	0	0	100	2	"13.7002,100.2645"	640	13247	661	590
PMB	???????? 2	??????	94.48999	30.643278	134200.9	21.58	12.894107	32	15.192499	0	0	100	2	"13.8029,100.3024"	980	20965	499	445
SAB	??????? 2	??????	75.2	22.576115	96142.18	20.48	15.831707	16127	24178.21	8	4	100	2	"13.7316,100.2289"	756	20600	581	518
SAC	??????? 3	??????	67.270004	14.729507	64325.14	17.94	8.20056	485	136.1975	8	4	50	1	"13.7816,100.2372"	391	7779	262	233
SAD	??????? 4	??????	67.89	20.95514	91751.67	9.94	3.643303	149	17.842499	0	0	50	1	"13.7223,100.2528"	309	6966	240	214
SLY	??????	??????	78.96	22.58917	98938.94	3.2	3.2	3	0.8	0	0	100	2	"13.8086,100.3224"	1116	20831	565	504
CHN	????	?????	66.22	17.773987	53491.004	15.75	8.882145	32937	32097.068	6	3	100	2	"6.9249,100.7657"	1053	32177	354	316
CLU	????	?????	59.58	19.322237	81759.79	11.09	2.5340397	8817	422.35498	8	4	50	1	"7.0013,100.3625"	124	299	146	131
DDA	???????	?????	38.42	8.150962	35609.957	20.880001	12.256783	1361	1263.5125	4	2	50	1	"6.5569,100.4139"	596	13799	361	323
HYA	??????? 1	?????	93.06	28.273561	121995.28	5.8199997	2.4224179	3890	775.9027	8	4	100	2	"6.9983,100.4343"	1096	43064	660	589
HYB	??????? 2	?????	95.01999	25.352713	110261.82	3.23	1.3721092	1354	57.112507	8	4	100	2	"6.9708,100.4910"	1099	38567	588	524
HYC	??????? 3	?????	93.229996	41.059635	162765.1	12.660001	9.019113	15621	17501.959	8	4	100	2	"7.0323,100.4522"	1630	70543	768	684
HYD	??????? 4	?????	102.670006	37.43025	159842.39	8.929999	1.9523236	5420	375.11002	8	4	100	2	"7.0171,100.4963"	1099	34405	855	763
NJA	?????	?????	9.67	4.152652	18188.613	0	0	0	0	0	0	50	1	"6.7013,100.6981"	501	17523	159	142
PAL	?????	?????	48.149998	12.217363	53504.78	12.88	10.449472	39	37.934998	0	0	100	2	"6.8203,100.4602"	389	10344	209	187
ROA	?????	?????	68.21001	19.113686	83011.92	1.83	0.5450428	1051	143.21	8	4	100	2	"7.9332,100.3336"	1303	32871	799	714
RTP	???????	?????	105.13	27.920473	122287.81	9.08	5.18	9	3.19	0	0	100	2	"7.1302,100.3096"	1270	33960	483	432
SBY	?????????	?????	67.5	19.511772	66128.39	18.720001	14.879476	32969	54932.07	8	4	100	2	"6.6321,100.9476"	2057	73007	379	339
SHN	???????	?????	43.95	15.302788	66635.15	15.029999	12.348437	629	411.71252	8	4	50	1	"7.3038,100.4973"	496	21151	203	180
SLA	????? 1	?????	76.409996	13.372351	58570.895	0	0	0	0	0	0	150	3	"7.1151,100.5709"	645	22132	265	236
SLB	????? 2	?????	108.63	30.373398	133008.36	15.02	13.32826	50	50.882507	0	0	100	2	"7.0864,100.6223"	1130	43107	527	470
SLC	????? 3 (?)	?????	30.250002	8.628546	37784.78	2.12	1.5192592	28	7.915	0	0	25	1	"7.1572,100.6195"	338	12211	255	227
SLU	????? 2 (?)	?????	11.09	0.049581617	217.16748	0	0	0	0	0	0	25	1		0	0	0	0
SQA	????? 1	?????	58.749996	11.279468	49398.754	21.169998	12.771419	4200	179.86752	6	3	50	2	"6.6335,100.4025"	509	16484	174	156
SQB	????? 2 (?)	?????	31.31	8.5241	37043.355	9.16	1.5101712	639	63.142513	5	2.5	25	1	"6.6491,100.4312"	238	6095	116	104
SQU	????? 3 (?)	?????	2.44	0.07396353	245.9949	0.08	0.07999427	30511	152.54514	1	0.5	25	1		1	1	0	0
TUA	???????	?????	67.64	18.809454	81904.78	14.92	12.9310465	748	95.984985	8	4	100	2	"6.8666,100.4700"	782	23719	281	251
BOA	??????? 1	????????????	118.16	42.80116	187463.53	3.4899998	2.7975	6	1.38	0	0	100	2	"9.0867,99.3441"	2720	75384	1027	916
BOB	??????? 2	????????????	67.08	23.564445	103187.734	0.78999996	0.72999996	20	1.8249999	0	0	100	2	"9.1716,99.3734"	679	21446	419	373
CAY	????	????????????	74.380005	24.216902	95535.234	32.67	12.057624	35681	32285.734	8	4	100	2	"9.3924,99.1681"	2699	60082	690	617
KCD	??????????	????????????	101.39	39.858635	174433.75	4.24	1.8910558	202	23.8225	8	4	100	2	"9.1581,99.5199"	2289	51431	1114	994
PPA	?????? 1	????????????	113.59	34.059517	149072.7	6.55	1.2538203	150	31.822495	0	0	100	2	"9.0867,99.2571"	1670	37994	697	625
PPB	?????? 2	????????????	113.08	30.234243	105921.805	45.57	29.39838	32914	44035.703	8	4	100	2	"8.9891,99.2046"	1720	41096	701	628
WSA	????????	????????????	102.28999	33.588043	137997.4	35.030003	13.804306	17316	8936.374	8	4	100	2	"8.5803,99.3502"	3316	94565	842	751
LAA	??????	?????????	62.18	19.024918	74148.53	20.09	9.685598	17339	9874.013	8	4	100	2	"16.0795,100.1127"	2981	76625	485	436
NOB	???????	?????????	41.079998	14.580482	63740.42	5.7299995	4.073477	153	53.077507	0	0	25	1	"16.0138,100.6299"	1313	39659	435	389
NSA	????????? 1	?????????	122.3	38.33766	167887.06	5.92	4.1956663	46	9.0975	0	0	100	2	"15.7041,100.1028"	1513	43949	963	856
NSB	????????? 2	?????????	100.38	39.227715	171733.17	11.96	6.173649	73	56.7075	0	0	100	2	"15.7156,100.1745"	2317	66663	1176	1048
QHA	?????????	?????????	44.839996	6.4124746	28077.313	3.37	1.631237	97	39.5575	0	0	100	3	"15.4498,100.1455"	764	19255	356	319
TCA	???????	?????????	52.989998	16.456264	70503.84	4.55	2.0041986	1924	610.21747	8	4	50	2	"15.5996,100.4235"	1322	37312	455	405
TKB	????? 2	?????????	66.71	24.230537	104171.01	6.73	2.6782856	1977	855.7126	8	4	100	2	"15.2498,100.2865"	1573	41711	651	579
BUY	???????	??????????	79.18	23.576256	89861.62	35.09	17.41534	30060	25785.068	8	4	50	1	"15.5510,102.5177"	2288	88370	516	457
CCI	?????? 1	??????????	90.4	35.138252	134219.13	25.439999	9.695517	23253	17421.9	8	4	100	2	"14.7402,102.0908"	1133	29871	705	629
CUM	??????	??????????	53.02	19.392334	75592.03	22.07	16.182869	14235	14497.816	8	4	50	1	"15.3587,102.7850"	1528	69785	441	391
DTA	????????? 1	??????????	74.37	23.369865	94172.23	38.38	11.452961	18133	10227.209	8	4	50	1	"15.1408,101.7306"	1233	43352	447	398
HTA	???????	??????????	52.239998	7.63569	30747.926	22.62	3.8315709	16872	8202.819	4	2	100	2	"18.0025,100.4685"	386	9474	355	317
HTL	????????	??????????	60.399994	17.903576	71738.82	29.420002	10.719185	14199	8641.794	8	4	50	2	"15.0041,102.5858"	1574	68858	274	242
KGA	??	??????????	69.24	22.960419	90914.62	28.289999	16.574883	19630	16017.048	8	4	100	2	"15.2973,102.4172"	1594	60647	380	337
KON	??????	??????????	66.009995	13.259125	54853.5	18.9	11.537862	10992	11979.4	7	3.5	100	2	"14.4971,102.3034"	1134	46523	340	303
KOT	??????? 1 (?????)	??????????	79.31	23.233358	101759.52	0.89	0.86	6	0.35000002	0	0	100	2	"14.8845,101.9010"	306	5974	337	301
KOU	??????? 2 (?)	??????????	40.89	14.328538	34048.266	7.3900003	1.5789661	41840	3153.1265	4	2	25	1	"14.9235,101.9554"	472	18974	224	199
NRA	?????????? 1	??????????	92.07	23.849072	104456.03	6.84	4.5693336	20	4.5350003	0	0	100	2	"14.9948,102.1034"	864	25480	637	567
NRB	?????????? 2	??????????	54.659996	10.137201	44398.6	0.48	0.2875	4	0.2875	0	0	100	2	"14.9505,102.0177"	802	25287	264	233
NRC	?????????? 3	??????????	81.31	25.464195	110926.43	22.859999	16.254557	706	128.36125	8	4	100	2	"15.0948,102.1073"	1324	47982	352	311
NRD	?????????? 4	??????????	101.72	32.89053	140311.5	8.57	2.652234	8699	2462.9124	8	4	100	2	"14.9548,102.1228"	1189	52846	452	399
NRE	?????????? 5	??????????	58.92	20.00184	86664.305	21.88	10.327118	2148	601.8899	8	4	50	1	"14.9528,102.0547"	834	32000	541	481
NRF	?????????? 6	??????????	61.22	16.012074	70132.266	2.01	2.01	1	0.5025	0	0	100	2	"14.9741,102.0831"	573	14382	560	500
PCA	??????? 1	??????????	105.96	31.955093	139408.03	3.04	1.2329967	815	89.172516	8	4	100	2	"14.7004,101.4465"	2032	48637	754	673
PCB	??????? 2	??????????	68.05	24.507933	107287.99	13.169999	11.192779	92	71.817505	0	0	50	1	"14.6529,101.3092"	1185	19085	667	595
PCC	??????? 3	??????????	78.68001	23.778666	104122.055	12.75	11.379253	42	39.572502	0	0	100	2	"14.5770,101.4011"	1955	19660	1077	963
SFA	?????? 1	??????????	78.81999	25.067522	88717.32	19.55	10.972249	20225	16193.351	8	4	100	2	"14.8702,101.7724"	748	26482	586	523
SFB	?????? 2	??????????	50.3	11.109257	48619.08	18.1	13.928681	111	79.649994	0	0	50	1	"14.8409,101.5991"	976	24090	574	512
XEA	???????	??????????	31.26	6.3160615	26992.152	14.209999	5.620506	1548	465.92245	3	1.5	50	1	"14.4322,102.4847"	456	19715	125	112
XNA	???????	??????????	47	16.239336	70817.34	22.7	12.386633	645	339.92496	8	4	50	1	"14.9038,101.9164"	752	22248	478	426
CDB	???????? 2	??????	77.72	24.350943	103521.04	30.21	12.656522	13756	9437.788	8	4	100	2	"15.0775,100.9737"	1525	37824	465	414
KSR	????????	??????	66.16	18.778786	74342.55	32.489998	8.857204	14897	4954.207	8	4	50	1	"15.0686,100.6935"	1208	40224	367	326
LBA	?????? 1	??????	89.33	32.2489	141250.19	0	0	0	0	0	0	100	2	"14.7921,100.6517"	1155	42131	660	587
LBC	?????? 3 (?)	??????	25.210001	8.468745	37088.484	7.16	5.5439997	52	47.579998	0	0	25	1	"14.7669,100.7132"	323	10201	331	295
NUA	????????	??????	32.54	13.595264	59525.9	2.66	1.3723333	34	5.7274995	0	0	50	3	"15.2572,100.6443"	1100	25969	354	316
PXA	????????? 1	??????	85.97	20.297897	79923.53	35.09	14.206138	17900	10656.606	8	4	100	2	"14.8639,100.9165"	1143	19720	731	652
KRN	????	??????	117.27	33.46804	146541.58	27.670002	19.151798	64	98.78	0	0	100	2	"7.8194,98.3134"	1117	20733	777	697
PAT	??????	??????	146.90001	42.57848	186259.52	5.74	4.2336526	307	10.747499	8	4	150	3	"7.8905,98.2977"	1335	12414	1196	1071
PKA	?????? 1	??????	115.65	39.760536	174068.55	10.3	8.363027	79	76.59	0	0	100	2	"7.9178,98.3927"	1524	40765	731	653
PKB	?????? 2	??????	111.43001	29.665565	129933.555	1.99	1.99	1	0.4975	0	0	113	4	"7.8599,98.3424"	1259	36129	507	453
PKC	?????? 3	??????	89.6	20.362665	79994.27	27.92	14.37244	7915	4329.2446	8	4	100	2	"7.8424,98.3844"	718	22077	450	402
TLG	???? 1	??????	120.51001	35.184517	154045.19	40.68	21.577515	84	83.66751	0	0	100	2	"7.9933,98.3537"	1796	41582	865	773
TLH	???? 2	??????	111.03999	30.45394	133160.77	14.48	7.4791265	725	183.525	8	4	100	2	"8.1256,98.3362"	1287	22741	845	756
RNA	????? 1	?????	46.94	7.134034	30917.463	4.05	2.050735	2361	1210.4463	4	2	63	2	"9.7433,98.5945"	966	19260	364	325
RNB	????? 2	?????	107.47	29.53189	129347.47	1.72	1.3475	4	1.3475	0	0	100	2	"10.0029,98.6572"	1472	41789	613	538
SSA	???????????	???????????	80.59	32.32666	141314.61	4.67	3.401771	194	28.630003	0	0	100	2	"13.4506,100.0806"	1279	31868	787	702
