
ระยอง
ระยอง	RAA	0	175066.39	80	1610	57515	31.975597
ระยอง	RAD	0	158121.86	2	1215	45652	28.880705
ระยอง	PLX	0	188906	16	473	2564	34.50338

ชลบุรี
ชลบุรี	BLA	0	157503.22	5	2164	56156	28.767712
ชลบุรี	SCA	0	205151.19	40	1644	52505	37.47054
ชลบุรี	PTP	0	190443.94	3	1844	43987	34.784283

กระบี่
กระบี่	KBB	0	173708	497	2539	55142	23.795616

สระแก้ว
สระแก้ว	ARA	17	60222.03	27282	1493	49973	4.124797
สระแก้ว	ARB	0	100689.01	1011	491	13838	6.8965073

พระนครศรีอยุธยา
พระนครศรีอยุธยา	SNA	0	125932.62	368	1757	46376	34.502087
พระนครศรีอยุธยา	BLS	0	157573.05	3	1102	16905	43.170696

ฉะเชิงเทรา
ฉะเชิงเทรา	SNK	0	101359.82	1	1726	38649	18.51321
ฉะเชิงเทรา	PHA	0	158343.98	197	1509	34510	28.921276
ฉะเชิงเทรา	BSM	0	303146.3	83	330	355	55.36919

สมุทรสาคร
สมุทรสาคร	SMF	0	213306.33	3403	1476	27643	38.96006
สมุทรสาคร	BNP	0	87641.07	8436	1233	23305	16.007502
สมุทรสาคร	SMB	0	195649.58	19532	776	8873	35.735085

ปทุมธานี
ปทุมธานี	TYA	0	189798.55	9	1504	44372	25.999802
ปทุมธานี	KLO	0	215566.89	5	2284	36640	29.52971

บุรีรัมย์
บุรีรัมย์	BRA	35	125255.36	23330	1970	64905	34.316536

ปราจีนบุรี
ปราจีนบุรี	PAA	0	125509.71	3471	2011	51506	34.386223
ปราจีนบุรี	KBJ	0	152171.25	1092	1960	41130	41.690754

เพชรบุรี
เพชรบุรี	PBA	0	182946.11	1	2420	79031	25.061111

เชียงใหม่
เชียงใหม่	SKP	0	160956.27	7	2166	78622	44.097607
เชียงใหม่	MRM	0	184699.84	0	2835	73378	50.602695

สระบุรี
สระบุรี	SRE	0	157172.98	2	1994	46268	21.530546

พิษณุโลก
พิษณุโลก	WGT	0	150213.13	255	2226	61834	20.57714

ราชบุรี
ราชบุรี	DNA	0	185467.31	1	2168	65135	25.40648

ขอนแก่น
ขอนแก่น	NOA	23	83378.734	39328	1876	91002	11.421744
ขอนแก่น	KKA	0	202335.9	1135	1759	41383	27.717247

นครปฐม
นครปฐม	KSA	37	134042.13	31112	2041	39586	18.361935
นครปฐม	OYK	0	174517.53	45	798	12334	23.906511

สงขลา
สงขลา	SBY	19	66128.39	32969	2057	73007	9.058683
สงขลา	HYC	45	162765.1	15621	1630	70543	22.296589

สุราษฎร์ธานี
สุราษฎร์ธานี	WSA	38	137997.4	17316	3316	94565	18.903755
สุราษฎร์ธานี	BOA	0	187463.53	6	2720	75384	25.679935

นครสวรรค์
นครสวรรค์	LAA	21	74148.53	17339	2981	76625	5.0786667
นครสวรรค์	NSB	0	171733.17	73	2317	66663	11.762547

นครราชสีมา
นครราชสีมา	BUY	25	89861.62	30060	2288	88370	12.309811
นครราชสีมา	NRD	0	140311.5	8699	1189	52846	19.220753

ลพบุรี
ลพบุรี	LBA	0	141250.19	0	1155	42131	38.69868

ภูเก็ต
ภูเก็ต	TLG	0	154045.19	84	1796	41582	21.102081
ภูเก็ต	PAT	0	186259.52	307	1335	12414	25.515003

ระนอง
ระนอง	RNB	0	129347.47	4	1472	41789	8.859416

สมุทรสงคราม
สมุทรสงคราม	SSA	0	141314.61	194	1279	31868	3.8716333
