sb	name	pv	pos_peak	pos_avg	pos_ngy	neg_peak	neg_avg	neg_cnt	neg_ngy	mwh 	mw1	max pw	trxno	lat+long	DT	MT1	MT3	E5:GWh	E2:GWh	SPP	VSPP	REPL

ระยอง
BJA	บ้านฉาง	ระยอง	78.380005	30.325758	132825.1	0.17	0.08	4	0.08	0	0	100	2	https://maps.google.com/?q=12.7308,101.0679	1349	37100	2052	575	511	1	0	0
BKH	บ้านค่าย 1	ระยอง	79.4	26.65928	116766.78	1.9300001	1.9300001	2	0.48250002	0	0	100	2	https://maps.google.com/?q=12.9093,101.3155	1188	30209	1173	493	440	0	0	0
BYA	บ้านเพ	ระยอง	93.28001	32.897503	144087.11	5.3100004	5.2530003	12	1.6125001	0	0	100	2	https://maps.google.com/?q=12.6429,101.4878	1291	35156	2569	764	681	1	0	0
KAA	แกลง 1	ระยอง	92.56	32.554646	142588.53	0.07	0.07	1	0.0175	0	0	100	2	https://maps.google.com/?q=12.8070,101.6674	1471	32332	2472	664	593	0	0	0
KAC	แกลง 3	ระยอง	65.200005	21.446133	93933.64	1.82	1.075	2	0.5375	0	0	100	2	https://maps.google.com/?q=12.7310,101.5859	996	21505	2774	561	502	0	0	0
MBA	มาบข่า	ระยอง	99.82001	34.666527	151832.52	9.28	5.536667	14	4.5650005	0	0	100	2	https://maps.google.com/?q=12.8771,101.2308	1734	37994	1135	827	738	0	0	0
MPC	มาบตาพุด 3	ระยอง	59.28	14.823805	64928.266	0	0	0	0	0	0	100	2	https://maps.google.com/?q=12.7096,101.1754	650	17560	1090	322	286	0	0	0
NKP	นิคมพัฒนา	ระยอง	89.75	31.17393	136539.64	0.3	0.19	2	0.095	0	0	100	2	https://maps.google.com/?q=12.8248,101.1309	1035	20608	619	1000	893	2	0	0
PLU	ปลวกแดง 1	ระยอง	96.05	29.788801	130474.95	0	0	0	0	0	0	100	2	https://maps.google.com/?q=13.0023,101.1366	1719	41074	1347	833	743	2	0	0
PLW	ปลวกแดง 3	ระยอง	78.22001	21.963245	96149.38	13.15	7.908	77	23.737501	0	0	100	2	https://maps.google.com/?q=13.0053,101.1966	469	7185	253	440	393	1	0	0
RAA	ระยอง 1	ระยอง	118.6	39.98846	175066.39	8.14	6.6983337	80	54.557503	32	16	100	2	https://maps.google.com/?q=12.6898,101.2714	1610	53781	3325	1015	905	0	0	0
RAB	ระยอง 2	ระยอง	89.33001	30.107328	124567.805	11.17	6.572055	8888	4077.301	0	0	100	2	https://maps.google.com/?q=12.7531,101.1587	1312	26153	1231	942	841	0	0	0
RAD	ระยอง 4	ระยอง	117.60999	36.101173	158121.86	6.8999996	6.8999996	2	1.7249999	29	14.5	100	2	https://maps.google.com/?q=12.6950,101.2310	1215	43506	1904	606	539	0	0	0
WCN	วังจันทร์	ระยอง	33.480003	13.322093	58342.08	5.04	4.6590004	24	16.585001	0	0	50	1	https://maps.google.com/?q=12.9638,101.5012	787	11294	897	301	269	0	0	0

ชลบุรี
APA	อ่าวไผ่ 1	ชลบุรี	68.479996	21.580853	94522.734	4.39	4.39	1	1.0975	0	0	90	2	https://maps.google.com/?q=13.1248,100.9278	772	13842	909	747	668	0	0	0
BBA	บ้านบึง 1	ชลบุรี	114.11	37.790188	145331.06	36.329998	12.241859	22949	16114.812	0	0	100	2	https://maps.google.com/?q=13.2194,101.2229	1256	13389	704	1016	908	0	8	1
BBB	บ้านบึง 2	ชลบุรี	114.77	41.7193	182711.94	8.38	4.7585716	17	6.1975	0	0	100	2	https://maps.google.com/?q=13.3088,101.1086	1169	21060	1449	787	702	0	0	0
BBC	บ้านบึง 3 (ช)	ชลบุรี	34.68	9.705618	42361.75	14.74	5.3746986	203	58.072502	0	0	25	1	https://maps.google.com/?q=13.2802,101.1994	395	6391	307	275	246	0	2	0
BLA	บางละมุง	ชลบุรี	98.22	35.960617	157503.22	4.06	4.015	5	1.3625001	29	14.5	100	2	https://maps.google.com/?q=12.9381,100.9258	2164	51330	4488	866	768	0	0	0
BNF	บึง 2	ชลบุรี	91.97	41.544003	181955.05	17.43	16.615	8	5.6475	0	0	100	2	https://maps.google.com/?q=13.0807,101.1200	1993	32713	1736	1210	1080	1	0	0
BNG	บึง 1	ชลบุรี	87.57001	35.301575	154620.56	1.57	1.57	1	0.3925	0	0	90	2	https://maps.google.com/?q=13.0990,100.9682	1707	32444	2131	995	887	0	0	0
BPE	บางพระ	ชลบุรี	109.96	41.36516	181176.92	0.41	0.41	2	0.1025	0	0	100	2	https://maps.google.com/?q=13.2404,100.9342	1740	34234	3578	1134	1012	0	0	0
BSN	บางแสน 1	ชลบุรี	89.560005	31.44057	137709.7	0	0	0	0	0	0	100	2	https://maps.google.com/?q=13.3099,100.9538	1174	26342	2223	890	794	0	0	0
BSO	บางแสน 2	ชลบุรี	63.11	26.870815	117694.164	0	0	0	0	0	0	100	2	https://maps.google.com/?q=13.3322,100.9356	1025	30245	3547	452	401	0	0	0
BVU	บ่อทอง (ช)	ชลบุรี	28.880001	14.658112	63571.895	8.26	3.051484	35593	186.40248	0	0	25	1	https://maps.google.com/?q=13.3151,101.3231	992	11570	432	462	413	0	1	0
CBA	ชลบุรี 1	ชลบุรี	102.18	36.06011	157942.39	1.43	1.43	1	0.3575	0	0	100	2	https://maps.google.com/?q=13.3390,100.9914	991	27006	2195	500	445	0	0	0
CBB	ชลบุรี 2	ชลบุรี	80.799995	39.579185	173197.23	2.08	2.08	209	16.999996	0	0	100	2	https://maps.google.com/?q=13.4097,100.9999	1778	42783	3951	919	818	2	0	0
CBC	ชลบุรี 3	ชลบุรี	93.46999	35.99743	157603.97	1.0799999	0.5119828	99	7.745	0	0	100	2	https://maps.google.com/?q=13.4499,100.9991	1026	19372	1298	1148	1025	0	0	0
CBD	ชลบุรี 4	ชลบุรี	59.700005	19.601627	85313.19	16.380001	10.046167	653	292.94998	0	0	100	2	https://maps.google.com/?q=13.3704,101.0349	757	21446	1179	419	372	0	0	0
CHT	จอมเทียน 1	ชลบุรี	84.68001	22.43282	97744.26	5.11	2.4556336	498	79.43249	0	0	100	2	https://maps.google.com/?q=12.8588,100.9220	1213	21248	3023	741	661	0	1	0
CHU	จอมเทียน 2	ชลบุรี	71.12	24.872105	108791.414	19.71	15.184103	224	256.7825	0	0	100	2	https://maps.google.com/?q=12.9000,100.8989	1028	29629	3501	637	569	0	0	0
KMK	เขาไม้แก้ว	ชลบุรี	85.7	17.268679	75600.516	13.94	12.4133625	55	57.842503	0	0	100	2	https://maps.google.com/?q=12.9175,101.0316	1373	13389	1762	852	761	2	0	0
KPO	เกาะโพธิ์	ชลบุรี	81.27	26.984753	118186.65	9.57	8.982666	11	12.184999	0	0	100	2	https://maps.google.com/?q=13.4187,101.2831	1270	20159	709	828	740	0	0	0
LCB	แหลมฉบัง 2	ชลบุรี	85.079994	33.307743	145870.92	0.82	0.438	15	1.6424999	0	0	100	2	https://maps.google.com/?q=13.0754,100.9206	1198	23332	1642	718	640	1	0	0
PSA	พนัสนิคม	ชลบุรี	112.12001	35.92344	157343.14	0.34	0.34	1	0.085	0	0	100	2	https://maps.google.com/?q=16.0502,100.1166	1672	37269	2028	613	546	0	1	0
PTP	พานทอง 2	ชลบุรี	88.479996	43.480858	190443.94	4.56	4.56	3	1.14	35	17.5	100	2	https://maps.google.com/?q=13.4213,101.1016	1844	41456	1768	1871	1669	0	0	0
PYG	พัทยากลาง	ชลบุรี	90.52999	25.693464	112530.25	21.68	12.446385	22	7.9500003	0	0	150	3	https://maps.google.com/?q=12.9353,100.8912	541	5326	1377	489	437	0	0	0
PYN	พัทยาเหนือ 1	ชลบุรี	95.920006	23.12507	101285.55	4.8199997	4.8199997	4	1.2049999	0	0	100	2	https://maps.google.com/?q=12.9561,100.9073	1096	22264	2923	638	568	0	0	0
PYO	พัทยาเหนือ 2	ชลบุรี	72.83	34.158936	149550.97	15.31	8.037701	120	94.115005	0	0	100	2	https://maps.google.com/?q=12.9795,100.9576	172	4122	293	49	43	0	0	0
PYT	พัทยาใต้ 1	ชลบุรี	34.48	2.0686398	9060.161	17.18	12.224001	879	805.80756	0	0	100	2	https://maps.google.com/?q=12.9170,100.8673	1256	25785	3764	944	843	0	0	0
PYU	พัทยาใต้ 2	ชลบุรี	101.619995	33.054077	144770.77	11.120001	9.66	8	2.7824998	0	0	100	2	https://maps.google.com/?q=12.9221,100.8834	858	13676	2684	523	467	0	0	0
SCA	ศรีราชา 1	ชลบุรี	113.68001	46.851135	205151.19	8.32	6.70359	40	51.870003	38	19	100	2	https://maps.google.com/?q=13.1605,100.9435	1644	48658	3532	789	701	0	0	0

กระบี่
ALA	อ่าวลึก	กระบี่	52.25	13.709565	58105.273	14.890001	6.656503	6701	899.04645	0	0	50	1	https://maps.google.com/?q=8.4204,98.7396	1810	35584	697	464	414	0	4	0
KBA	กระบี่ 1	กระบี่	94.009995	17.015186	62319.07	15.28	5.506432	18780	16241.087	0	0	100	2	https://maps.google.com/?q=8.0564,99.0204	1692	34992	862	454	406	0	6	0
KBB	กระบี่ 2	กระบี่	124.69	39.724766	173708	7.87	5.7575607	497	309.0225	24	12	100	2	https://maps.google.com/?q=8.0949,98.8894	2539	51167	3436	1287	1150	0	0	0
KTM	คลองท่อม	กระบี่	69.67	19.63424	68855.85	36.130005	1.720919	23669	1463.4706	0	0	100	2	https://maps.google.com/?q=7.8659,99.1525	2039	39921	1310	506	453	0	6	0

สระแก้ว
ARA	อรัญประเทศ 1	สระแก้ว	74.73	14.920713	60222.03	44.760002	15.192354	27282	13154.4375	5	2.5	90	2	https://maps.google.com/?q=13.7246,102.4759	1493	48501	1327	366	325	0	0	0
ARB	อรัญประเทศ 2	สระแก้ว	64.92999	22.99501	100689.01	7.66	5.4789324	1011	542.82764	7	3.5	100	2	https://maps.google.com/?q=13.6746,102.5452	491	13194	570	185	165	0	0	0
SKW	สระแก้ว	สระแก้ว	81.53	23.753197	78215.12	38.99	12.36698	28370	16834.521	0	0	100	2	https://maps.google.com/?q=13.8944,101.9871	1665	42569	1120	703	627	0	0	0
WNA	วัฒนานคร	สระแก้ว	66.41	14.409707	56656.83	33.14	13.534362	16560	14113.048	0	0	50	2	https://maps.google.com/?q=13.7687,102.2423	1633	44091	1080	531	474	0	0	0
WYA	วังน้ำเย็น	สระแก้ว	60.57	12.552304	48832.5	29.59	7.533176	20382	6337.44	0	0	100	2	https://maps.google.com/?q=13.4126,102.1979	1334	33880	855	280	250	0	0	0

พระนครศรีอยุธยา
AYA	อยุธยา 1	พระนครศรีอยุธยา	83.61	27.763054	119300.07	6.56	2.8408067	15104	3516.5486	0	0	100	2	https://maps.google.com/?q=14.3631,100.5532	1189	31155	1908	655	583	0	2	0
AYB	อยุธยา 2	พระนครศรีอยุธยา	59.79	18.947529	82989.36	2.34	2.34	1	0.585	0	0	100	2	https://maps.google.com/?q=14.3832,100.6036	886	17487	1217	553	493	0	0	0
BIA	บางปะอิน 1	พระนครศรีอยุธยา	89.229996	27.45008	120227.4	3.6499999	2.6599998	5	1.0374999	0	0	100	2	https://maps.google.com/?q=14.2121,100.5872	1613	26965	1568	852	759	0	1	0
BLS	บ้านลาดทราย	พระนครศรีอยุธยา	101.75	35.976105	157573.05	2.01	2.01	3	0.5025	44	22	100	2	https://maps.google.com/?q=14.2052,100.6647	1102	15530	1028	852	760	0	0	0
BPH	บางพระครู	พระนครศรีอยุธยา	48.46	12.8807	49154.016	7.58	3.9161823	14959	10170.356	0	0	100	2	https://maps.google.com/?q=14.4991,100.5913	292	4208	269	306	273	0	1	0
BPI	บางปะหัน	พระนครศรีอยุธยา	47.73	10.850997	43992.742	31.18	13.918329	15162	13945.209	0	0	100	2	https://maps.google.com/?q=14.5038,100.5193	748	15107	664	321	287	0	4	0
BSA	บางไทร	พระนครศรีอยุธยา	73.11	24.350643	94858.15	20.7	7.7773943	9625	5571.505	0	0	100	2	https://maps.google.com/?q=14.1781,100.4801	658	9777	366	288	257	0	3	0
LBL	ลาดบัวหลวง	พระนครศรีอยุธยา	46.2	14.27889	61175.03	15.549999	7.6282873	11541	4438.8843	0	0	100	2	https://maps.google.com/?q=14.1920,100.2916	1100	15614	775	379	337	0	3	0
NKL	นครหลวง	พระนครศรีอยุธยา	51.670002	17.220972	75416.78	22.509998	16.791348	33	23.57	0	0	100	2	https://maps.google.com/?q=14.4540,100.6679	966	20549	761	552	492	0	0	0
RCO	โรจนะ 2	พระนครศรีอยุธยา	94.869995	32.56225	140872.47	40.33	25.919298	5489	2035.926	0	0	100	2	https://maps.google.com/?q=14.3052,100.6144	1477	28281	1538	872	777	0	1	0
RCQ	โรจนะ 3	พระนครศรีอยุธยา	24.73	12.761535	53079.344	5.54	2.112956	3637	1438.3284	0	0	100	2	https://maps.google.com/?q=14.3273,100.6683	248	3305	149	288	258	2	1	0
RCR	โรจนะ 4	พระนครศรีอยุธยา	41.440002	10.421298	45645.28	0	0	0	0	0	0	100	3	https://maps.google.com/?q=14.3437,100.6836	388	5679	465	242	216	1	0	0
SNA	เสนา	พระนครศรีอยุธยา	81.96	28.81651	125932.62	12.559999	4.6904697	368	46.5675	35	17.5	100	2	https://maps.google.com/?q=14.3130,100.3981	1757	44196	1930	624	555	0	2	0
WAA	วังน้อย 1	พระนครศรีอยุธยา	102.70999	29.4384	127159.65	14.559999	6.177068	1487	537.27484	0	0	100	2	https://maps.google.com/?q=14.2494,100.7033	1166	23458	1013	573	510	0	2	0

ฉะเชิงเทรา
BAK	บางคล้า	ฉะเชิงเทรา	95.490005	31.66209	138679.73	0.83	0.83	1	0.2075	0	0	100	2	https://maps.google.com/?q=13.8552,101.1632	1503	22841	2386	529	472	0	0	0
BAP	บางน้ำเปรี้ยว	ฉะเชิงเทรา	88.68	29.806417	130551.766	1.11	1.11	1	0.2775	0	0	100	2	https://maps.google.com/?q=13.8705,101.1457	1432	26125	1687	492	439	0	0	0
BGR	บางปะกง 3	ฉะเชิงเทรา	45.49	10.2774935	44973.195	6.61	3.5654206	145	37.955	0	0	100	2	https://maps.google.com/?q=13.4839,100.9727	340	6793	621	261	233	0	0	0
BWA	บางวัว 1	ฉะเชิงเทรา	62.74	21.402885	93738.1	19.089998	15.955714	32	35.525	0	0	100	2	https://maps.google.com/?q=13.5159,100.9824	733	12177	779	627	560	0	0	0
BWB	บางวัว 2	ฉะเชิงเทรา	58.99	25.940586	113618.24	1.08	1.08	3	0.27	0	0	100	2	https://maps.google.com/?q=13.5271,100.9675	711	17324	961	499	445	0	0	0
CCA	ฉะเชิงเทรา 1	ฉะเชิงเทรา	97.66999	31.53968	138120.23	0.67999995	0.35095236	45	1.4325	0	0	100	2	https://maps.google.com/?q=13.6253,101.0324	1289	26414	2068	733	654	0	1	0
CCB	ฉะเชิงเทรา 2	ฉะเชิงเทรา	75.68	21.701723	95053.4	2.18	2.18	1	0.545	0	0	100	2	https://maps.google.com/?q=13.6604,101.0879	987	16888	1656	541	483	0	0	0
FYU	แปลงยาว (ช)	ฉะเชิงเทรา	37.989998	17.828417	78013.414	5.48	3.7575116	74	43.972492	0	0	50	1	https://maps.google.com/?q=13.5839,101.2781	911	20164	583	406	362	0	0	0
KOB	คลองใหม่ 2	ฉะเชิงเทรา	31.66	12.131208	52915.8	3.7400002	1.6030467	678	35.747498	0	0	100	2	https://maps.google.com/?q=13.6080,100.9815	226	2425	167	286	255	0	0	0
KWA	คลองขวาง 1	ฉะเชิงเทรา	75.600006	17.13964	75071.234	4.7	2.5636363	23	5.7	0	0	100	2	https://maps.google.com/?q=13.7334,101.0253	882	21243	1504	613	547	0	0	0
KWB	คลองขวาง 2	ฉะเชิงเทรา	78.729996	27.402468	119736.11	3.1599998	2.4836924	415	37.051247	0	0	100	2	https://maps.google.com/?q=13.7584,100.9922	686	12372	527	547	489	0	1	0
PHA	พนมสารคาม	ฉะเชิงเทรา	81.65	36.18901	158343.98	2.27	0.8823855	197	21.7975	29	14.5	100	2	https://maps.google.com/?q=13.7845,101.5276	1509	32275	2022	532	474	1	3	0
SNK	สนามชัยเขต	ฉะเชิงเทรา	71.310005	23.141665	101359.82	2.83	2.83	1	0.7075	19	9.5	100	2	https://maps.google.com/?q=13.5772,101.9042	1726	37840	621	466	416	2	0	0

สมุทรสาคร
BAL	บางปลา	สมุทรสาคร	103.17	39.83671	174483.13	2.54	2.2749999	3	1.0525	0	0	100	2	https://maps.google.com/?q=13.5868,100.2473	555	9070	670	527	471	0	0	0
BNP	บ้านแพ้ว	สมุทรสาคร	94.44999	20.481565	87641.07	11.91	5.6022034	8436	5094.1934	17	8.5	100	2	https://maps.google.com/?q=13.5665,100.1165	1233	20929	2126	617	551	0	0	0
EKA	เอกชัย 1	สมุทรสาคร	104.049995	43.533794	190658.1	15.459999	9.708611	21	9.0925	0	0	100	2	https://maps.google.com/?q=13.5840,100.3187	832	10807	1393	592	529	0	0	0
EKB	เอกชัย 2	สมุทรสาคร	83.7	23.585636	103170.01	21.77	15.00876	279	249.30249	0	0	100	2	https://maps.google.com/?q=13.5564,100.2863	466	5580	934	357	318	0	0	0
KTA	กระทุ่มแบน 1	สมุทรสาคร	85.78999	31.349497	137309.58	1.98	1.98	2	0.495	0	0	100	2	https://maps.google.com/?q=13.6447,100.2972	732	11488	1007	604	540	0	0	0
KTD	กระทุ่มแบน 4	สมุทรสาคร	67.38	27.265953	119113.39	3.4899998	3.444292	381	142.22496	0	0	100	2	https://maps.google.com/?q=13.6766,100.2690	417	6680	448	409	365	0	0	0
KTE	กระทุ่มแบน 5	สมุทรสาคร	99.78999	42.576683	186485.48	3.22	1.8100001	2	0.90500003	0	0	100	2	https://maps.google.com/?q=13.6388,100.2407	1139	17059	1729	760	679	0	0	0
ONA	อ้อมน้อย 1	สมุทรสาคร	96.72	30.598064	134012.25	21.96	18.158333	14	7.119999	0	0	100	2	https://maps.google.com/?q=13.7122,100.3148	551	8048	806	524	468	0	0	0
ONB	อ้อมน้อย 2	สมุทรสาคร	84.43001	28.777533	126004.69	11.190001	6.4747796	42	7.3625	0	0	100	2	https://maps.google.com/?q=13.6714,100.3079	845	15726	1218	620	553	0	0	0
ONC	อ้อมน้อย 3	สมุทรสาคร	74.07	24.268578	106275.84	18.18	9.544174	759	208.71756	0	0	100	2	https://maps.google.com/?q=13.7060,100.2976	366	8959	586	397	354	0	0	0
OND	อ้อมน้อย 4	สมุทรสาคร	57.759995	10.98581	48117.848	0	0	0	0	0	0	100	2	https://maps.google.com/?q=13.7163,100.3220	389	8690	907	246	219	0	0	0
ONU	อ้อมน้อย 5 (ช)	สมุทรสาคร	31.44	5.8934646	25809.615	2.47	2.47	14	0.6475	0	0	50	1	https://maps.google.com/?q=13.6868,100.3266	219	3284	357	189	169	0	0	0
SAA	สามพราน 1	สมุทรสาคร	109.33	20.844305	91297.84	11.46	11.46	1	2.865	0	0	150	3	https://maps.google.com/?q=13.6908,100.2927	256	4322	308	274	245	0	0	0
SMA	สมุทรสาคร 1	สมุทรสาคร	83.21001	37.09294	162467.06	0.01	0.01	2	0.005	0	0	150	3	https://maps.google.com/?q=13.5930,100.2827	726	12255	937	536	478	0	0	0
SMB	สมุทรสาคร 2	สมุทรสาคร	145.18999	46.5733	195649.58	29.53	10.450309	19532	2189.4602	36	18	150	3	https://maps.google.com/?q=13.5418,100.2293	776	7853	718	737	659	0	0	0
SMD	สมุทรสาคร 4	สมุทรสาคร	85.48	14.383979	63000.785	2.21	1.75	3	0.72999996	0	0	100	2	https://maps.google.com/?q=13.5446,100.2643	282	6392	1152	158	140	0	0	0
SME	สมุทรสาคร 5	สมุทรสาคร	87.560005	39.92037	165030.23	20.89	8.300296	12249	4861.1787	0	0	100	2	https://maps.google.com/?q=13.5094,100.1329	850	9587	831	644	575	0	0	0
SMF	สมุทรสาคร 6	สมุทรสาคร	112.399994	49.1455	213306.33	17.570002	9.030669	3403	775.44543	39	19.5	100	2	https://maps.google.com/?q=13.5591,100.3134	1476	25082	2260	750	668	0	1	0
SMG	สมุทรสาคร 7	สมุทรสาคร	74.33	24.189625	105942.914	11.120001	7.9674997	7	2.8175	0	0	100	2	https://maps.google.com/?q=13.5830,100.2919	350	3112	324	301	269	0	0	0

ปทุมธานี
BKA	บางขันธ์ 1	ปทุมธานี	127.07	39.059975	171075	17.75	12.266667	10	5.2425003	0	0	150	3	https://maps.google.com/?q=14.0587,100.6167	1143	23088	1806	786	701	0	0	0
BMA	บ้านใหม่ 1	ปทุมธานี	70.32	23.995935	105100.96	2.1000001	1.575	4	0.53000003	0	0	100	2	https://maps.google.com/?q=13.9766,100.5691	891	20106	1446	444	394	0	0	0
BMB	บ้านใหม่ 2	ปทุมธานี	66.71	22.614151	99046.7	5.2599998	5.15	4	1.4575	0	0	100	2	https://maps.google.com/?q=13.9920,100.5825	909	19177	1463	448	398	1	0	0
BPN	บางพูน	ปทุมธานี	82.21001	21.535234	94249.56	12.860001	8.320797	116	23.3825	0	0	100	2	https://maps.google.com/?q=13.9751,100.5503	436	9243	457	299	266	0	0	0
KHC	คลองเจ็ด	ปทุมธานี	100.69	32.090267	140555.34	0	0	0	0	0	0	100	2	https://maps.google.com/?q=14.0355,100.7721	1310	39878	1146	459	407	0	0	0
KHL	คลองสี่	ปทุมธานี	110.479996	35.558857	155743.11	15.58	14.886666	9	4.9225	0	0	100	2	https://maps.google.com/?q=13.9406,100.7111	1265	22783	1348	447	399	0	1	0
KLO	คลองหลวง	ปทุมธานี	117.240005	49.217636	215566.89	8.51	8.426666	5	2.2	30	15	100	2	https://maps.google.com/?q=14.0667,100.7061	2284	33331	2621	1693	1511	0	1	0
KQA	คูคต	ปทุมธานี	59.909996	9.88747	43307.11	0	0	0	0	0	0	100	2	https://maps.google.com/?q=13.9483,100.6854	781	21650	946	177	158	0	0	0
LAK	ลาดหลุมแก้ว	ปทุมธานี	85.939995	30.672241	131914.69	10.37	4.8648467	3770	1530.123	0	0	100	2	https://maps.google.com/?q=14.0311,100.3856	1347	16934	1268	941	840	0	2	0
LLK	ลำลูกกา 1	ปทุมธานี	107.96	44.51268	194965.53	0	0	0	0	0	0	100	2	https://maps.google.com/?q=13.9473,100.7872	2163	23809	2309	1096	981	0	0	0
MUB	เมืองเอก 2	ปทุมธานี	48.23	17.374931	76101.37	1.63	1.63	1	0.4075	0	0	100	2	https://maps.google.com/?q=13.9724,100.6153	398	10441	1056	238	212	0	0	0
PQA	ปทุมธานี 1	ปทุมธานี	90.850006	33.03382	144449.98	10.8	4.930398	247	32.887497	0	0	100	2	https://maps.google.com/?q=14.0416,100.4744	1133	16698	868	785	700	0	1	0
PQB	ปทุมธานี 2	ปทุมธานี	77.1	26.841019	117563.516	0.48	0.48	1	0.12	0	0	100	2	https://maps.google.com/?q=13.9563,100.5128	1169	27196	1167	537	477	0	1	0
PQC	ปทุมธานี 3	ปทุมธานี	94.380005	33.095993	144945.67	7.0299997	3.4291666	15	6.25	0	0	100	2	https://maps.google.com/?q=13.9784,100.5243	670	15443	887	477	425	0	0	0
PQD	ปทุมธานี 4	ปทุมธานี	66.24	20.93724	91703.19	4	2.2399998	4	1.02	0	0	100	2	https://maps.google.com/?q=14.0642,100.5231	1006	14406	1006	526	469	0	0	0
RGA	รังสิต 1	ปทุมธานี	94.72	22.909061	100341.58	3.62	3.62	1	0.905	0	0	100	2	https://maps.google.com/?q=13.9825,100.6185	542	12012	1144	305	271	0	0	0
RSA	รังสิตใต้ 1	ปทุมธานี	102.33	34.229763	149924.25	2.21	2.21	2	0.5525	0	0	100	2	https://maps.google.com/?q=13.9613,100.6429	1050	37309	1632	279	245	0	0	0
SKK	สามโคก	ปทุมธานี	58.93	18.902887	82789.66	12.43	12.43	5	5.11	0	0	100	2	https://maps.google.com/?q=14.1085,100.5708	742	9063	634	431	385	1	0	0
TMS	ธรรมศาสตร์	ปทุมธานี	81.58001	16.102	70413.96	9.049999	5.1321807	1572	101.0875	0	0	150	3	https://maps.google.com/?q=14.0671,100.6057	1020	21674	1129	625	558	2	0	0
TYA	ธัญบุรี	ปทุมธานี	113.060005	43.33506	189798.55	7.6000004	6.0575	9	2.5	26	13	100	2	https://maps.google.com/?q=13.9978,100.6743	1504	42549	1592	585	518	0	0	0

บุรีรัมย์
BRA	บุรีรัมย์ 1	บุรีรัมย์	95.9	33.142685	125255.36	23.01	10.432417	23330	15175.907	35	17.5	100	2	https://maps.google.com/?q=15.0220,103.1081	1970	62272	2323	772	685	0	4	1
BRB	บุรีรัมย์ 2	บุรีรัมย์	63.85	24.260609	102445.36	23.929998	11.082508	4294	2135.5803	0	0	50	1	https://maps.google.com/?q=14.9552,103.0713	1701	54417	1344	633	563	0	0	0
NAR	นางรอง	บุรีรัมย์	26.939999	9.403747	40423.887	15.21	10.6013775	1130	1479.0924	0	0	50	1	https://maps.google.com/?q=14.6244,102.8701	584	22187	550	200	180	0	1	0
NOK	หนองกี่	บุรีรัมย์	79.71	27.709385	102298.09	30.11	11.915009	27773	18731.547	0	0	100	2	https://maps.google.com/?q=14.6967,102.5015	1626	59369	1246	737	659	0	8	0
XTA	สตึก	บุรีรัมย์	27.099998	5.5557213	23141.828	12.6	7.0247993	8177	8071.326	0	0	50	1	https://maps.google.com/?q=15.2715,103.2708	560	24384	485	140	123	0	0	0

ปราจีนบุรี
BSG	บ้านสร้าง	ปราจีนบุรี	71.46999	14.951572	58139.508	31.720001	10.737015	19550	9187.508	0	0	100	2	https://maps.google.com/?q=14.0084,101.2450	881	12680	450	386	345	0	5	0
KBJ	กบินทร์บุรี 2	ปราจีนบุรี	103.520004	35.035034	152171.25	10.87	3.9210167	1092	266.72876	42	21	100	2	https://maps.google.com/?q=14.0226,101.7821	1960	39535	1305	707	634	1	0	0
KBL	กบินทร์บุรี 4	ปราจีนบุรี	38.699997	11.327345	49510.617	9.700001	7.1609583	142	12.775	0	0	100	2	https://maps.google.com/?q=13.9145,101.6521	585	7325	221	414	370	0	0	0
NSI	นนทรี	ปราจีนบุรี	56.769997	12.255537	47794.06	35.19	10.5214	18771	12495.068	0	0	100	2	https://maps.google.com/?q=14.0105,101.7025	1029	20636	593	385	345	1	3	0
PAA	ปราจีนบุรี 1	ปราจีนบุรี	85.61	28.98145	125509.71	14.559999	6.942181	3471	941.45575	35	17.5	100	2	https://maps.google.com/?q=14.1472,101.3179	2011	49433	1719	876	781	0	1	0
PAB	ปราจีนบุรี 2	ปราจีนบุรี	41.49	10.286957	43730.176	9.01	1.2534748	2021	442.13513	0	0	100	2	https://maps.google.com/?q=13.8407,101.5447	582	10947	465	350	313	1	1	0
PCK	ประจันตคาม	ปราจีนบุรี	38.489998	8.532904	36191.15	9.25	2.7786431	6003	2133.5728	0	0	50	1	https://maps.google.com/?q=14.0985,101.5087	863	24099	685	229	203	0	2	0
SMP	ศรีมหาโพธิ 1	ปราจีนบุรี	85.990005	33.550686	141960.61	22.32	6.478484	11028	5817.388	0	0	100	2	https://maps.google.com/?q=13.9487,101.5129	1736	39145	1598	1037	925	0	5	0

เพชรบุรี
CAA	ชะอำ 1	เพชรบุรี	56.81	17.058548	72359.766	6.92	1.5519829	3224	617.3187	0	0	100	2	https://maps.google.com/?q=12.8150,99.9570	599	11534	540	275	245	0	2	0
CAB	ชะอำ 2	เพชรบุรี	60.13	20.879862	87491.67	10.8	4.579329	14767	11449.566	0	0	100	2	https://maps.google.com/?q=12.7177,99.9279	1628	28227	2637	936	836	0	2	0
CAC	ชะอำ 3	เพชรบุรี	14.08	6.528919	28596.666	0	0	0	0	0	0	100	2	https://maps.google.com/?q=12.7516,99.9597	379	8878	1717	227	202	0	0	0
CAU	ชะอำ 3 (ช)	เพชรบุรี	33.67	5.850369	25624.617	0	0	0	0	0	0	25	1	https://maps.google.com/?q=12.7521,99.9592	231	5001	399	153	136	0	0	0
KHY	เขาย้อย 1	เพชรบุรี	68.06	17.455572	70838.53	27.11	12.628871	7148	4080.9287	0	0	100	2	https://maps.google.com/?q=13.2182,99.8181	1021	18264	721	442	396	0	3	0
KHZ	เขาย้อย 2	เพชรบุรี	77.76	12.977156	47946.016	27.189999	8.845857	28035	12974.463	0	0	100	2	https://maps.google.com/?q=13.2863,99.7869	601	7578	300	403	361	0	10	0
PBA	เพชรบุรี 1	เพชรบุรี	100.60999	41.76876	182946.11	1.99	1.99	1	0.4975	26	13	100	2	https://maps.google.com/?q=13.0897,99.9421	2420	75914	2649	1155	1030	0	0	2
PBB	เพชรบุรี 2	เพชรบุรี	43.06	19.579792	81012.73	14.33	6.366013	14877	14074.045	0	0	50	1	https://maps.google.com/?q=13.0127,100.0500	1374	40922	1326	609	543	0	2	0

เชียงใหม่
CDO	เชียงดาว	เชียงใหม่	28.53	9.781777	42830	5.02	3.082581	124	95.56001	0	0	50	1	https://maps.google.com/?q=19.3441,98.9604	1079	45059	1178	204	181	0	0	0
CMA	เชียงใหม่ 1	เชียงใหม่	102.96	32.78582	143600.36	2.47	2.47	2	0.6175	0	0	100	2	https://maps.google.com/?q=18.7679,99.0089	1490	38345	4939	1066	947	0	0	0
CMB	เชียงใหม่ 2	เชียงใหม่	99.49	36.934723	161774.1	0	0	0	0	0	0	100	2	https://maps.google.com/?q=18.8116,98.9994	1581	30392	5607	1113	990	0	0	0
CMC	เชียงใหม่ 3	เชียงใหม่	98.14	31.778532	139189.95	0	0	0	0	0	0	100	2	https://maps.google.com/?q=18.7179,98.9429	1498	41028	4808	654	577	0	0	0
CMD	เชียงใหม่ 4	เชียงใหม่	91.53	29.04545	127213.6	6.09	5.79	7	2.0525	0	0	100	2	https://maps.google.com/?q=18.7971,98.9611	1880	26563	4806	1908	1702	0	0	0
CMU	หายยา (ช)	เชียงใหม่	38.73	11.483915	50299.55	0	0	0	0	0	0	25	1	https://maps.google.com/?q=18.7743,98.9795	578	7667	1901	656	586	0	0	0
CMV	เชียงใหม่ 5 (ฟ้าฮ่าม) (ช)	เชียงใหม่	32.34	9.941036	43509.984	5.7200003	3.6578488	90	53.507504	0	0	25	3	https://maps.google.com/?q=18.8036,99.0131	255	5452	956	299	267	0	0	0
DKA	ดอยสะเก็ด	เชียงใหม่	60.429996	18.014582	78903.42	5.3	5.3	3	1.325	0	0	50	2	https://maps.google.com/?q=18.8507,99.0896	1253	34951	2533	649	576	0	0	0
FAA	ฝาง	เชียงใหม่	65.32	19.890812	86883.99	18.77	15.246251	16516	7497.9424	0	0	50	1	https://maps.google.com/?q=19.8539,99.1981	679	20378	727	232	207	0	0	0
HOA	ฮอด	เชียงใหม่	12.969999	2.3386123	10235.006	6.27	3.2540002	54	18.247501	0	0	75	2	https://maps.google.com/?q=18.2230,98.6122	281	7998	152	125	112	0	4	0
MRM	แม่ริม	เชียงใหม่	102.16	42.168915	184699.84	0	0	0	0	51	25.5	100	2	https://maps.google.com/?q=18.9164,98.9640	2835	68362	4339	1663	1482	0	0	0
SGA	สันป่าตอง	เชียงใหม่	71.979996	22.297674	97538.05	17.98	11.280639	367	292.67	0	0	100	2	https://maps.google.com/?q=18.6358,98.8980	1956	75352	2630	847	752	0	0	0
SKP	สันกำแพง	เชียงใหม่	93.020004	36.74947	160956.27	8.47	4.5	7	2.7825	45	22.5	100	2	https://maps.google.com/?q=18.7358,99.0868	2166	72877	5384	903	799	0	0	0

สระบุรี
DOP	ดอนพุด	สระบุรี	58.01	16.873117	64098.246	16.289999	10.274716	18447	19721.559	0	0	100	2	https://maps.google.com/?q=14.6566,100.5947	891	28229	852	417	371	0	3	0
KYE	โคกแย้	สระบุรี	43.869995	4.658085	20396.166	6.59	4.895423	732	895.8624	0	0	100	2	https://maps.google.com/?q=14.3865,100.9071	121	2088	95	115	103	1	0	0
MLK	มวกเหล็ก	สระบุรี	45.41	13.519558	59211.773	15.73	12.081078	94	94.0975	0	0	100	2	https://maps.google.com/?q=14.6313,101.1841	871	11668	730	510	456	3	0	0
NOH	หนองแค 1	สระบุรี	74.4	25.461107	111510.05	3.23	2.9669232	16	1.2425001	0	0	100	2	https://maps.google.com/?q=14.3505,100.8546	1207	25224	1022	574	514	0	0	0
PJA	พระพุทธบาท 1	สระบุรี	63.819996	19.340508	84696.41	3.1299999	2.4398265	33	6.465	0	0	100	2	https://maps.google.com/?q=14.7603,100.7242	797	18414	572	400	358	0	1	0
PJB	พระพุทธบาท 2	สระบุรี	82.00001	21.945856	94917.52	6.1800003	3.2968287	3912	1033.6101	0	0	100	2	https://maps.google.com/?q=14.7100,100.8335	683	14490	703	506	453	0	0	0
SRA	สระบุรี 1	สระบุรี	83.829994	24.773287	108170.55	8.24	5.5757527	1337	237.49971	0	0	100	2	https://maps.google.com/?q=14.5134,100.9135	814	25403	1287	452	402	0	0	0
SRB	สระบุรี 2	สระบุรี	53.750004	12.872128	55400.06	5.33	1.5333182	1665	209.17249	0	0	40	1	https://maps.google.com/?q=14.6139,101.0818	447	7559	289	299	267	3	0	0
SRD	สระบุรี 4	สระบุรี	48.229996	9.072354	39732.055	13.030001	7.999357	17	9.1075	0	0	100	2	https://maps.google.com/?q=14.4088,100.8646	409	7427	336	210	188	0	0	0
SRE	สระบุรี 5	สระบุรี	110.7	35.88455	157172.98	3.5500002	3.5500002	2	0.88750005	22	11	100	2	https://maps.google.com/?q=14.5164,100.8970	1994	44699	1277	726	647	1	0	0
SRF	สระบุรี 6	สระบุรี	43.34	7.1962557	31436.969	11.18	6.8748465	885	210.85	0	0	100	2	https://maps.google.com/?q=14.5636,100.9751	563	10238	527	324	288	0	0	0
TDA	ตาลเดี่ยว	สระบุรี	79.490005	17.148409	69598.31	20.11	4.8474708	22961	8587.239	0	0	100	2	https://maps.google.com/?q=14.5663,101.0072	976	18586	675	661	589	0	0	0
TLA	ท่าลาน 1	สระบุรี	59.25	8.235659	35573.223	11.21	4.7144117	836	301.23254	0	0	50	1	https://maps.google.com/?q=14.5817,100.7683	374	11798	339	152	136	0	0	0
WAM	วังม่วง	สระบุรี	58.15	20.30756	80981.9	26.82	6.970854	14689	6246.4707	0	0	100	2	https://maps.google.com/?q=14.8072,101.1191	921	16762	527	446	398	1	0	0
WIA	วิหารแดง	สระบุรี	61.319996	17.828672	76405.38	14.91	2.9736042	2929	653.2187	0	0	50	1	https://maps.google.com/?q=14.3786,100.9574	909	22317	890	427	382	1	0	0

พิษณุโลก
NAT	นครไทย	พิษณุโลก	27.029999	8.703639	38018.188	7.18	4.004741	199	58.4175	0	0	50	1	https://maps.google.com/?q=17.1104,100.8195	977	39511	657	294	261	0	0	0
PLA	พิษณุโลก 1	พิษณุโลก	76.979996	26.247673	114964.81	0	0	0	0	0	0	100	2	https://maps.google.com/?q=16.8365,100.2390	1130	29263	2314	527	472	0	0	0
PLC	พิษณุโลก 3	พิษณุโลก	96.08	31.32918	137221.05	0.95	0.95	2	0.2375	0	0	100	2	https://maps.google.com/?q=16.7860,100.2175	1792	45978	3214	779	697	0	0	0
PLE	พิษณุโลก 5	พิษณุโลก	76.72	19.346832	84715.44	6.49	4.766314	292	64.96252	0	0	100	2	https://maps.google.com/?q=16.8574,100.3125	837	23662	931	272	243	0	0	0
PLZ	พิษณุโลก 6 (ช)	พิษณุโลก	28.85	8.129279	35605.59	0.64	0.64	2	0.32	0	0	25	1	https://maps.google.com/?q=16.7752,100.1836	748	13366	602	265	236	0	0	0
QRA	พรหมพิราม	พิษณุโลก	27.87	6.2150116	22682.55	6.8500004	2.4001925	16240	8697.054	0	0	50	1	https://maps.google.com/?q=17.0973,100.1427	671	16488	546	219	195	0	0	0
WBT	วัดโบสถ์	พิษณุโลก	27.669998	8.583538	37594.645	3.26	3.0900002	3	2.3175	0	0	50	2	https://maps.google.com/?q=16.9560,100.3382	725	17946	390	216	192	0	0	0
WGT	วังทอง	พิษณุโลก	87.96	34.34036	150213.13	22.23	15.940212	255	301.6675	21	10.5	100	2	https://maps.google.com/?q=16.8297,100.4093	2226	60062	1489	702	625	0	0	0

ราชบุรี
BPA	บ้านโป่ง 1	ราชบุรี	91.17999	35.889217	157188.81	13.16	10.065001	12	5.5175	0	0	100	3	https://maps.google.com/?q=13.7917,99.9578	1248	27284	2071	604	537	0	0	0
BPB	บ้านโป่ง 2	ราชบุรี	90.799995	31.829834	119847.99	33.66	16.675861	24669	16583.238	0	0	80	2	https://maps.google.com/?q=13.8533,99.8709	1146	32573	2110	508	452	3	0	1
CBN	จอมบึง	ราชบุรี	73.75	26.172207	113452.1	19.289999	7.141476	3749	1034.921	0	0	100	2	https://maps.google.com/?q=13.6153,99.6413	1485	24739	761	606	541	0	3	0
DNA	ดำเนินสะดวก	ราชบุรี	92.13	42.34435	185467.31	1.99	1.99	1	0.4975	26	13	100	2	https://maps.google.com/?q=13.7384,99.9931	2168	61542	3347	616	549	0	0	0
NOM	หนองปลาหมอ	ราชบุรี	43.719997	19.962282	85547.26	7.58	3.050837	1810	683.25024	0	0	50	1	https://maps.google.com/?q=13.7948,99.7668	637	14889	483	321	286	0	1	0
PTH	ปากท่อ	ราชบุรี	92.62	38.42116	168282.8	2.35	2.085	2	1.0425	0	0	100	2	https://maps.google.com/?q=13.3618,99.8624	1822	42566	1854	774	692	0	1	0
PTR	โพธาราม 1	ราชบุรี	88.549995	31.633272	138510.45	7.4599996	6.6598387	58	29.464998	0	0	100	2	https://maps.google.com/?q=13.6825,99.8789	1089	32584	1801	600	535	2	0	0
PTS	โพธาราม 2	ราชบุรี	33.97	8.517803	37255.008	3.28	2.582902	111	36.2325	0	0	50	1	https://maps.google.com/?q=13.7199,99.8028	710	15308	436	228	204	0	0	0
RBA	ราชบุรี 1	ราชบุรี	84.020004	20.421782	89445.41	30.599998	20.70665	170	312.0425	0	0	75	2	https://maps.google.com/?q=13.5289,99.7993	533	13443	1567	324	288	0	0	0
RBB	ราชบุรี 2	ราชบุรี	73.770004	26.485273	115596.65	4.52	2.7236454	1005	202.19499	0	0	100	2	https://maps.google.com/?q=13.5054,99.7949	1481	35454	1523	585	521	2	1	5
RBC	ราชบุรี 3	ราชบุรี	48.91	18.22358	79819.266	0	0	0	0	0	0	100	2	https://maps.google.com/?q=13.5638,99.7883	1026	20581	958	451	402	0	0	0
RBU	ราชบุรี 3 (ช)	ราชบุรี	29.41	13.248538	58023.44	4.52	4.235965	22	15.5875	0	0	25	1	https://maps.google.com/?q=13.5329,99.7951	703	11845	604	387	345	0	0	0

ขอนแก่น
BCA	บ้านไผ่	ขอนแก่น	73.020004	30.04472	129055.46	21.73	14.337063	3587	1548.1324	0	0	100	2	https://maps.google.com/?q=16.0793,102.7237	1981	73345	1599	885	787	0	1	0
CHA	ชุมแพ	ขอนแก่น	64.72	18.500313	77290.47	15.640001	6.797733	6085	1910.0536	0	0	100	2	https://maps.google.com/?q=16.5615,102.0636	1712	72341	1356	714	635	0	5	0
KKA	ขอนแก่น 1	ขอนแก่น	140.54001	46.412373	202335.9	23.67	13.570925	1135	238.46007	28	14	125	3	https://maps.google.com/?q=16.4136,102.8166	1759	38345	2339	1715	1528	0	1	0
KKB	ขอนแก่น 2	ขอนแก่น	95.47	37.304607	162726.28	5.48	0.80890715	659	133.26746	0	0	100	2	https://maps.google.com/?q=16.4191,102.8714	1463	39975	1910	1261	1122	0	0	0
KKC	ขอนแก่น 3	ขอนแก่น	104.439995	45.085102	188944.5	11.97	5.197747	16745	6099.0874	0	0	100	3	https://maps.google.com/?q=16.5070,102.8015	2752	72068	2876	1700	1511	0	2	2
KRA	กระนวน	ขอนแก่น	73.26	24.689455	104261.13	21.65	8.054356	6092	1496.8225	0	0	100	2	https://maps.google.com/?q=16.6886,103.1173	1932	86481	1412	732	650	1	3	0
NOA	หนองเรือ	ขอนแก่น	73.170006	24.554	83378.734	37.089996	12.717036	39328	29493.238	12	6	100	2	https://maps.google.com/?q=16.4874,102.4634	1876	89584	1165	632	560	0	3	0
NQA	น้ำพอง	ขอนแก่น	68.18	15.557285	53743.51	29.08	14.26762	21789	22590.65	0	0	50	2	https://maps.google.com/?q=16.6750,102.7938	1290	45260	974	736	656	0	4	0
POA	พล	ขอนแก่น	34.11	8.82253	31771.096	17.71	9.5144005	15952	23941.428	0	0	100	2	https://maps.google.com/?q=15.8071,102.5766	1776	75578	1172	599	531	0	2	0

นครปฐม
BEA	บางเลน 1	นครปฐม	88.920006	28.507652	116573.09	46.510002	17.715914	22354	31989.563	0	0	100	2	https://maps.google.com/?q=14.0391,100.1682	722	10483	821	273	243	0	7	0
BEU	บางเลน 2 (ช)	นครปฐม	31.890001	11.432685	50046.023	4.26	2.852143	260	5.1375	0	0	25	1	https://maps.google.com/?q=13.8976,100.2812	375	3234	451	228	204	0	0	0
BEV	บางเลน 3 (ช)	นครปฐม	22.1	9.561126	38519.547	10.3	5.278055	5792	2537.8252	0	0	25	1	https://maps.google.com/?q=14.0101,100.2311	436	4512	428	202	180	0	0	0
DTM	ดอนตูม	นครปฐม	93.86	29.280613	125098.89	28.7	12.26188	9616	5928.8677	0	0	100	2	https://maps.google.com/?q=13.9784,100.0918	1150	24516	1836	564	502	0	2	0
KSA	กำแพงแสน	นครปฐม	103.329994	34.44233	134042.13	27.5	9.12289	31112	11955.822	19	9.5	100	2	https://maps.google.com/?q=13.9878,99.9934	2041	36920	2244	1028	920	0	4	0
NCA	นครชัยศรี 1	นครปฐม	68.86	21.928696	95973.69	0.51	0.2512801	664	41.712498	0	0	150	4	https://maps.google.com/?q=13.7498,100.1880	720	16592	1280	393	350	0	0	0
NCB	นครชัยศรี 2	นครปฐม	78.049995	25.597658	110632.52	4.0600004	1.7695684	3157	589.04126	0	0	100	2	https://maps.google.com/?q=13.8650,100.2076	982	22859	1685	535	477	0	0	0
NPT	นครปฐม 1	นครปฐม	106.66	39.16899	171535.03	7.0699997	3.1024601	32	5.0075	0	0	100	2	https://maps.google.com/?q=13.8006,100.0950	904	23424	1959	568	506	0	0	0
NPU	นครปฐม 2	นครปฐม	104.21	38.433563	156327.47	24.09	15.962871	15817	17624.648	0	0	100	2	https://maps.google.com/?q=13.8740,99.9982	1227	31158	2676	834	743	0	1	0
NPV	นครปฐม 3	นครปฐม	94.48	34.938866	153031.48	7.92	5.88	3	2.6	0	0	100	2	https://maps.google.com/?q=13.8116,100.0788	929	21209	2387	600	535	0	0	0
OYI	อ้อมใหญ่ 1	นครปฐม	93.97	19.005178	83001.734	15.95	12.533299	2638	114.445015	0	0	100	2	https://maps.google.com/?q=13.7297,100.2501	592	11636	911	547	489	0	0	0
OYK	อ้อมใหญ่ 2	นครปฐม	92.79	39.850533	174517.53	12.349999	10.055366	45	54.167496	24	12	100	2	https://maps.google.com/?q=13.7239,100.2981	798	11106	970	633	565	0	0	0
OYL	อ้อมใหญ่ 3	นครปฐม	82.350006	33.7308	147739.3	7.1800003	5.5	3	2.035	0	0	100	2	https://maps.google.com/?q=13.7002,100.2645	640	11996	981	661	590	0	0	0
PMB	พุทธมณฑล 2	นครปฐม	94.48999	30.643278	134200.9	21.58	12.894107	32	15.192499	0	0	100	2	https://maps.google.com/?q=13.8029,100.3024	980	19511	1252	499	445	0	0	0
SAB	สามพราน 2	นครปฐม	75.2	22.576115	96142.18	20.48	15.831707	16127	24178.21	0	0	100	2	https://maps.google.com/?q=13.7316,100.2289	756	19116	1248	581	518	0	0	0
SAC	สามพราน 3	นครปฐม	67.270004	14.729507	64325.14	17.94	8.20056	485	136.1975	0	0	50	1	https://maps.google.com/?q=13.7816,100.2372	391	6983	690	262	233	0	0	0
SAD	สามพราน 4	นครปฐม	67.89	20.95514	91751.67	9.94	3.643303	149	17.842499	0	0	50	1	https://maps.google.com/?q=13.7223,100.2528	309	6104	765	240	214	0	0	0
SLY	ศาลายา	นครปฐม	78.96	22.58917	98938.94	3.2	3.2	3	0.8	0	0	100	2	https://maps.google.com/?q=13.8086,100.3224	1116	18998	1605	565	504	0	0	0

สงขลา
CHN	จะนะ	สงขลา	66.22	17.773987	53491.004	15.75	8.882145	32937	32097.068	0	0	100	2	https://maps.google.com/?q=6.9249,100.7657	1053	31517	517	354	316	1	0	0
DDA	ด่านนอก	สงขลา	38.42	8.150962	35609.957	20.880001	12.256783	1361	1263.5125	0	0	50	1	https://maps.google.com/?q=6.5569,100.4139	596	13092	560	361	323	0	0	0
HYA	หาดใหญ่ 1	สงขลา	93.06	28.273561	121995.28	5.8199997	2.4224179	3890	775.9027	0	0	100	2	https://maps.google.com/?q=6.9983,100.4343	1096	40527	2271	660	589	0	0	0
HYB	หาดใหญ่ 2	สงขลา	95.01999	25.352713	110261.82	3.23	1.3721092	1354	57.112507	0	0	100	2	https://maps.google.com/?q=6.9708,100.4910	1099	36919	1411	588	524	1	0	0
HYC	หาดใหญ่ 3	สงขลา	93.229996	41.059635	162765.1	12.660001	9.019113	15621	17501.959	23	11.5	100	2	https://maps.google.com/?q=7.0323,100.4522	1630	67959	2277	768	684	0	0	0
HYD	หาดใหญ่ 4	สงขลา	102.670006	37.43025	159842.39	8.929999	1.9523236	5420	375.11002	0	0	100	2	https://maps.google.com/?q=7.0171,100.4963	1099	30589	3470	855	763	0	0	0
NJA	นาทวี	สงขลา	9.67	4.152652	18188.613	0	0	0	0	0	0	50	1	https://maps.google.com/?q=6.7013,100.6981	501	16703	756	159	142	0	0	0
PAL	พังลา	สงขลา	48.149998	12.217363	53504.78	12.88	10.449472	39	37.934998	0	0	100	2	https://maps.google.com/?q=6.8203,100.4602	389	10035	224	209	187	0	0	0
ROA	ระโนด	สงขลา	68.21001	19.113686	83011.92	1.83	0.5450428	1051	143.21	0	0	100	2	https://maps.google.com/?q=7.8162,100.3566	1303	31346	1318	799	714	0	2	0
RTP	รัตภูมิ	สงขลา	105.13	27.920473	122287.81	9.08	5.18	9	3.19	0	0	100	2	https://maps.google.com/?q=7.1302,100.3096	1270	33253	511	483	432	0	1	0
SBY	สะบ้าย้อย	สงขลา	67.5	19.511772	66128.39	18.720001	14.879476	32969	54932.07	10	5	100	2	https://maps.google.com/?q=6.6321,100.9476	2057	72252	603	379	339	1	0	0
SHN	สิงหนคร	สงขลา	43.95	15.302788	66635.15	15.029999	12.348437	629	411.71252	0	0	50	1	https://maps.google.com/?q=7.3038,100.4973	496	20620	450	203	180	0	0	0
SLA	สงขลา 1	สงขลา	76.409996	13.372351	58570.895	0	0	0	0	0	0	150	3	https://maps.google.com/?q=7.1151,100.5709	645	21047	979	265	236	0	0	0
SLB	สงขลา 2	สงขลา	108.63	30.373398	133008.36	15.02	13.32826	50	50.882507	0	0	100	2	https://maps.google.com/?q=7.0864,100.6223	1130	40478	2417	527	470	0	0	0
SLC	สงขลา 3 (ช)	สงขลา	30.250002	8.628546	37784.78	2.12	1.5192592	28	7.915	0	0	25	1	https://maps.google.com/?q=7.1572,100.6195	338	11092	1016	255	227	0	0	0
SQA	สะเดา 1	สงขลา	58.749996	11.279468	49398.754	21.169998	12.771419	4200	179.86752	0	0	50	2	https://maps.google.com/?q=6.6335,100.4025	509	15919	495	174	156	0	0	0
SQB	สะเดา 2 (ช)	สงขลา	31.31	8.5241	37043.355	9.16	1.5101712	639	63.142513	0	0	25	1	https://maps.google.com/?q=6.6491,100.4312	238	5925	123	116	104	0	0	0
TUA	ทุ่งลุง	สงขลา	67.64	18.809454	81904.78	14.92	12.9310465	748	95.984985	0	0	100	2	https://maps.google.com/?q=6.8666,100.4700	782	23166	440	281	251	0	0	0

สุราษฎร์ธานี
BOA	บ้านดอน 1	สุราษฎร์ธานี	118.16	42.80116	187463.53	3.4899998	2.7975	6	1.38	26	13	100	2	https://maps.google.com/?q=9.0867,99.3441	2720	71257	3712	1027	916	0	0	0
BOB	บ้านดอน 2	สุราษฎร์ธานี	67.08	23.564445	103187.734	0.78999996	0.72999996	20	1.8249999	0	0	100	2	https://maps.google.com/?q=9.1716,99.3734	679	19864	1407	419	373	0	0	0
CAY	ไชยา	สุราษฎร์ธานี	74.380005	24.216902	95535.234	32.67	12.057624	35681	32285.734	0	0	100	2	https://maps.google.com/?q=9.3924,99.1681	2699	59086	712	690	617	0	0	0
KCD	กาญจนดิษฐ์	สุราษฎร์ธานี	101.39	39.858635	174433.75	4.24	1.8910558	202	23.8225	0	0	100	2	https://maps.google.com/?q=9.1581,99.5199	2289	49792	1182	1114	994	0	0	0
PPA	พุนพิน 1	สุราษฎร์ธานี	113.59	34.059517	149072.7	6.55	1.2538203	150	31.822495	0	0	100	2	https://maps.google.com/?q=9.0867,99.2571	1670	36712	997	697	625	0	0	0
PPB	พุนพิน 2	สุราษฎร์ธานี	113.08	30.234243	105921.805	45.57	29.39838	32914	44035.703	0	0	100	2	https://maps.google.com/?q=8.9891,99.2046	1720	40179	581	701	628	0	1	0
WSA	เวียงสระ	สุราษฎร์ธานี	102.28999	33.588043	137997.4	35.030003	13.804306	17316	8936.374	19	9.5	100	2	https://maps.google.com/?q=8.5803,99.3502	3316	92960	1266	842	751	0	2	0

นครสวรรค์
LAA	ลาดยาว	นครสวรรค์	62.18	19.024918	74148.53	20.09	9.685598	17339	9874.013	6	3	100	2	https://maps.google.com/?q=15.7663,99.8683	2981	75099	1279	485	436	1	3	0
NOB	หนองบัว	นครสวรรค์	41.079998	14.580482	63740.42	5.7299995	4.073477	153	53.077507	0	0	25	1	https://maps.google.com/?q=16.0138,100.6299	1313	38857	625	435	389	0	1	0
NSA	นครสวรรค์ 1	นครสวรรค์	122.3	38.33766	167887.06	5.92	4.1956663	46	9.0975	0	0	100	2	https://maps.google.com/?q=15.7041,100.1028	1513	41389	2170	963	856	0	1	0
NSB	นครสวรรค์ 2	นครสวรรค์	100.38	39.227715	171733.17	11.96	6.173649	73	56.7075	12	6	100	2	https://maps.google.com/?q=15.7156,100.1745	2317	64105	2081	1176	1048	0	1	0
QHA	พยุหะคีรี	นครสวรรค์	44.839996	6.4124746	28077.313	3.37	1.631237	97	39.5575	0	0	100	3	https://maps.google.com/?q=15.4498,100.1455	764	18593	516	356	319	0	0	0
TCA	ท่าตะโก	นครสวรรค์	52.989998	16.456264	70503.84	4.55	2.0041986	1924	610.21747	0	0	50	2	https://maps.google.com/?q=15.5996,100.4235	1322	36465	664	455	405	0	0	3
TKB	ตาคลี 2	นครสวรรค์	66.71	24.230537	104171.01	6.73	2.6782856	1977	855.7126	0	0	100	2	https://maps.google.com/?q=15.2498,100.2865	1573	40432	1010	651	579	0	3	0

นครราชสีมา
BUY	บัวใหญ่	นครราชสีมา	79.18	23.576256	89861.62	35.09	17.41534	30060	25785.068	13	6.5	50	1	https://maps.google.com/?q=15.5510,102.5177	2288	86745	1420	516	457	1	6	0
CCI	โชคชัย 1	นครราชสีมา	90.4	35.138252	134219.13	25.439999	9.695517	23253	17421.9	0	0	100	2	https://maps.google.com/?q=14.7402,102.0908	1133	28738	846	705	629	0	3	0
CUM	ชุมพวง	นครราชสีมา	53.02	19.392334	75592.03	22.07	16.182869	14235	14497.816	0	0	50	1	https://maps.google.com/?q=15.3587,102.7850	1528	68533	1076	441	391	0	1	0
DTA	ด่านขุนทด 1	นครราชสีมา	74.37	23.369865	94172.23	38.38	11.452961	18133	10227.209	0	0	50	1	https://maps.google.com/?q=15.1408,101.7306	1233	42099	1073	447	398	0	6	0
HTL	ห้วยแถลง	นครราชสีมา	60.399994	17.903576	71738.82	29.420002	10.719185	14199	8641.794	0	0	50	2	https://maps.google.com/?q=15.0041,102.5858	1574	67749	1002	274	242	1	4	0
KGA	คง	นครราชสีมา	69.24	22.960419	90914.62	28.289999	16.574883	19630	16017.048	0	0	100	2	https://maps.google.com/?q=15.2973,102.4172	1594	59203	1293	380	337	0	3	1
KON	ครบุรี	นครราชสีมา	66.009995	13.259125	54853.5	18.9	11.537862	10992	11979.4	0	0	100	2	https://maps.google.com/?q=14.4971,102.3034	1134	45671	716	340	303	1	3	0
NRC	นครราชสีมา 3	นครราชสีมา	81.31	25.464195	110926.43	22.859999	16.254557	706	128.36125	0	0	100	2	https://maps.google.com/?q=15.0948,102.1073	1324	46762	1081	352	311	0	3	0
NRD	นครราชสีมา 4	นครราชสีมา	101.72	32.89053	140311.5	8.57	2.652234	8699	2462.9124	20	10	100	2	https://maps.google.com/?q=14.9548,102.1228	1189	50689	1980	452	399	0	3	0
NRE	นครราชสีมา 5	นครราชสีมา	58.92	20.00184	86664.305	21.88	10.327118	2148	601.8899	0	0	50	1	https://maps.google.com/?q=14.9528,102.0547	834	30470	1312	541	481	0	0	0
PCA	ปากช่อง 1	นครราชสีมา	105.96	31.955093	139408.03	3.04	1.2329967	815	89.172516	0	0	100	2	https://maps.google.com/?q=14.7004,101.4465	2032	46244	2088	754	673	0	0	0
SFA	สีคิ้ว 1	นครราชสีมา	78.81999	25.067522	88717.32	19.55	10.972249	20225	16193.351	0	0	100	2	https://maps.google.com/?q=14.8702,101.7724	748	25418	833	586	523	0	2	0

ลพบุรี
CDB	ชัยบาดาล 2	ลพบุรี	77.72	24.350943	103521.04	30.21	12.656522	13756	9437.788	0	0	100	2	https://maps.google.com/?q=15.0775,100.9737	1525	36968	669	465	414	0	0	0
KSR	โคกสำโรง	ลพบุรี	66.16	18.778786	74342.55	32.489998	8.857204	14897	4954.207	0	0	50	1	https://maps.google.com/?q=15.0686,100.6935	1208	39087	991	367	326	1	0	0
LBA	ลพบุรี 1	ลพบุรี	89.33	32.2489	141250.19	0	0	0	0	39	19.5	100	2	https://maps.google.com/?q=14.7921,100.6517	1155	39945	1920	660	587	0	0	0
LBC	ลพบุรี 3 (ช)	ลพบุรี	25.210001	8.468745	37088.484	7.16	5.5439997	52	47.579998	0	0	25	1	https://maps.google.com/?q=14.7669,100.7132	323	9559	507	331	295	0	0	0
NUA	หนองม่วง	ลพบุรี	32.54	13.595264	59525.9	2.66	1.3723333	34	5.7274995	0	0	50	3	https://maps.google.com/?q=15.2572,100.6443	1100	25241	585	354	316	0	0	0
PXA	พัฒนานิคม 1	ลพบุรี	85.97	20.297897	79923.53	35.09	14.206138	17900	10656.606	0	0	100	2	https://maps.google.com/?q=14.8639,100.9165	1143	18739	667	731	652	0	0	0

ภูเก็ต
KRN	กะรน	ภูเก็ต	117.27	33.46804	146541.58	27.670002	19.151798	64	98.78	0	0	100	2	https://maps.google.com/?q=7.8194,98.3134	1117	16644	3752	777	697	0	0	0
PKA	ภูเก็ต 1	ภูเก็ต	115.65	39.760536	174068.55	10.3	8.363027	79	76.59	0	0	100	2	https://maps.google.com/?q=7.9178,98.3927	1524	36517	3956	731	653	0	0	0
PKB	ภูเก็ต 2	ภูเก็ต	111.43001	29.665565	129933.555	1.99	1.99	1	0.4975	0	0	113	4	https://maps.google.com/?q=7.8599,98.3424	1259	32415	3509	507	453	0	0	0
PKC	ภูเก็ต 3	ภูเก็ต	89.6	20.362665	79994.27	27.92	14.37244	7915	4329.2446	0	0	100	2	https://maps.google.com/?q=7.8424,98.3844	718	20261	1635	450	402	0	0	0
TLG	ถลาง 1	ภูเก็ต	120.51001	35.184517	154045.19	40.68	21.577515	84	83.66751	22	11	100	2	https://maps.google.com/?q=7.9933,98.3537	1796	38369	2856	865	773	0	0	0
TLH	ถลาง 2	ภูเก็ต	111.03999	30.45394	133160.77	14.48	7.4791265	725	183.525	0	0	100	2	https://maps.google.com/?q=8.1256,98.3362	1287	20592	1799	845	756	0	0	0

ระนอง
RNA	ระนอง 1	ระนอง	46.94	7.134034	30917.463	4.05	2.050735	2361	1210.4463	0	0	63	2	https://maps.google.com/?q=9.7433,98.5945	966	18760	352	364	325	0	1	0
RNB	ระนอง 2	ระนอง	107.47	29.53189	129347.47	1.72	1.3475	4	1.3475	9	4.5	100	2	https://maps.google.com/?q=10.0029,98.6572	1472	39539	2008	613	538	0	0	0

สมุทรสงคราม
SSA	สมุทรสงคราม	สมุทรสงคราม	80.59	32.32666	141314.61	4.67	3.401771	194	28.630003	4	2	100	2	https://maps.google.com/?q=13.4506,100.0806	1279	29666	1883	787	702	0	0	0
