ระยอง
ระยอง	RAA	0	175066.39	80	1610	57515
ระยอง	RAD	0	158121.86	2	1215	45652
ระยอง	PLU	0	130474.95	0	1719	42758
ระยอง	MBA	0	151832.52	14	1734	39464
ระยอง	BJA	0	132825.1	4	1349	39382
ระยอง	BYA	0	144087.11	12	1291	38034
ระยอง	KAA	0	142588.53	1	1471	35073
ระยอง	BKH	0	116766.78	2	1188	31581
ระยอง	RAB	0	124567.805	8888	1312	27769
ระยอง	KAC	0	93933.64	2	996	24505
ระยอง	NKP	0	136539.64	2	1035	21636
ระยอง	MPC	0	64928.266	0	650	18779
ระยอง	WCN	0	58342.08	24	787	12313
ระยอง	PLW	0	96149.38	77	469	7618
ระยอง	PLX	0	188906	16	473	2564
ระยอง	HEA	0	137283.22	327	455	1398
ระยอง	ACA	0	145431.48	18	320	866
ระยอง	RAC	10	35850.164	13209	166	601
ระยอง	BKI	0	78564.66	164	87	441
ระยอง	ESA	0	124542.52	200	303	346
ระยอง	PLV	0	116969.47	781	215	224
ระยอง	ATV	0	108592.44	474	167	168
ระยอง	NLL	0	21471.836	494	97	163
ระยอง	ACB	0	0	0	0	0
ระยอง	MPA	0	0	0	0	0
ชลบุรี
ชลบุรี	BLA	0	157503.22	5	2164	56156
ชลบุรี	SCA	0	205151.19	40	1644	52505
ชลบุรี	CBB	0	173197.23	209	1778	47104
ชลบุรี	PTP	0	190443.94	3	1844	43987
ชลบุรี	PSA	0	157343.14	1	1672	39543
ชลบุรี	BPE	0	181176.92	2	1740	38272
ชลบุรี	BNG	0	154620.56	1	1707	34978
ชลบุรี	BNF	0	181955.05	8	1993	34941
ชลบุรี	BSO	0	117694.164	0	1025	33971
ชลบุรี	CHU	0	108791.414	224	1028	33386
ชลบุรี	PYT	0	9060.161	879	1256	29930
ชลบุรี	CBA	0	157942.39	1	991	29402
ชลบุรี	BSN	0	137709.7	0	1174	28926
ชลบุรี	PYN	0	101285.55	4	1096	25444
ชลบุรี	LCB	0	145870.92	15	1198	25264
ชลบุรี	CHT	0	97744.26	498	1213	24571
ชลบุรี	BBB	0	182711.94	17	1169	22829
ชลบุรี	CBD	0	85313.19	653	757	22793
ชลบุรี	KPO	0	118186.65	11	1270	21206
ชลบุรี	CBC	0	157603.97	99	1026	21139
ชลบุรี	PYU	0	144770.77	8	858	16569
ชลบุรี	KMK	0	75600.516	55	1373	15494
ชลบุรี	APA	0	94522.734	1	772	15056
ชลบุรี	BBA	40	145331.06	22949	1256	14509
ชลบุรี	BVU	0	63571.895	35593	992	12190
ชลบุรี	PYG	0	112530.25	22	541	6902
ชลบุรี	BBC	0	42361.75	203	395	6810
ชลบุรี	NOY	21	74134.42	14310	675	5835
ชลบุรี	BBD	0	0	0	517	4922
ชลบุรี	PYO	0	149550.97	120	172	4433
ชลบุรี	BWN	21	75436.875	16318	496	4356
ชลบุรี	AKA	0	118534.266	37	388	1069
ชลบุรี	AKB	0	83995.64	2	210	999
ชลบุรี	AKC	0	155677.1	0	301	853
ชลบุรี	PZA	0	125328.97	54	402	730
ชลบุรี	LCA	0	96217.04	0	290	509
ชลบุรี	PZW	0	74615.586	68	200	269
ชลบุรี	PZC	0	47994.58	0	89	99
ชลบุรี	HEB	0	49995.098	241	74	81
ชลบุรี	AKE	0	0	0	0	0
ชลบุรี	BNH	0	0	0	0	0
ชลบุรี	BVA	0	0	0	0	0
ชลบุรี	PYW	0	0	0	0	0
ชลบุรี	PZV	0	0	0	0	0
ชลบุรี	SCB	0	0	0	0	0
กระบี่
กระบี่	KBB	0	173708	497	2539	55142
กระบี่	KTM	0	68855.85	23669	2039	41434
กระบี่	ALA	0	58105.273	6701	1810	36468
กระบี่	KBA	18	62319.07	18780	1692	36039
สระแก้ว
สระแก้ว	ARA	17	60222.03	27282	1493	49973
สระแก้ว	WNA	16	56656.83	16560	1633	45385
สระแก้ว	SKW	22	78215.12	28370	1665	43974
สระแก้ว	WYA	14	48832.5	20382	1334	34847
สระแก้ว	ARB	0	100689.01	1011	491	13838
สระแก้ว	TPV	0	0	0	0	0
พระนครศรีอยุธยา
พระนครศรีอยุธยา	SNA	0	125932.62	368	1757	46376
พระนครศรีอยุธยา	AYA	0	119300.07	15104	1189	33325
พระนครศรีอยุธยา	RCO	0	140872.47	5489	1477	30172
พระนครศรีอยุธยา	BIA	0	120227.4	5	1613	28878
พระนครศรีอยุธยา	WAA	0	127159.65	1487	1166	24702
พระนครศรีอยุธยา	NKL	0	75416.78	33	966	21534
พระนครศรีอยุธยา	AYB	0	82989.36	1	886	18928
พระนครศรีอยุธยา	BLS	0	157573.05	3	1102	16905
พระนครศรีอยุธยา	LBL	0	61175.03	11541	1100	16542
พระนครศรีอยุธยา	BPI	13	43992.742	15162	748	15901
พระนครศรีอยุธยา	BSA	0	94858.15	9625	658	10260
พระนครศรีอยุธยา	RCR	0	45645.28	0	388	6242
พระนครศรีอยุธยา	WAB	0	110797.22	1	642	5610
พระนครศรีอยุธยา	BPH	14	49154.016	14959	292	4602
พระนครศรีอยุธยา	BIC	0	43335.6	7323	455	4248
พระนครศรีอยุธยา	RCQ	0	53079.344	3637	248	3572
พระนครศรีอยุธยา	RCN	0	17586.62	27	246	344
พระนครศรีอยุธยา	BKS	0	10674.438	3379	215	277
พระนครศรีอยุธยา	BNL	0	28039.703	16627	151	206
พระนครศรีอยุธยา	RCS	0	43791.547	1754	122	134
พระนครศรีอยุธยา	BNM	0	25067.713	34	77	79
พระนครศรีอยุธยา	BKT	0	15478.355	1	64	64
ฉะเชิงเทรา
ฉะเชิงเทรา	SNK	0	101359.82	1	1726	38649
ฉะเชิงเทรา	PHA	0	158343.98	197	1509	34510
ฉะเชิงเทรา	CCA	0	138120.23	45	1289	28778
ฉะเชิงเทรา	BAP	0	130551.766	1	1432	28010
ฉะเชิงเทรา	BAK	0	138679.73	1	1503	25440
ฉะเชิงเทรา	KWA	0	75071.234	23	882	22995
ฉะเชิงเทรา	FYU	0	78013.414	74	911	20911
ฉะเชิงเทรา	CCB	0	95053.4	1	987	18763
ฉะเชิงเทรา	BWB	0	113618.24	3	711	18487
ฉะเชิงเทรา	BWA	0	93738.1	32	733	13212
ฉะเชิงเทรา	KWB	0	119736.11	415	686	13122
ฉะเชิงเทรา	BGR	0	44973.195	145	340	7520
ฉะเชิงเทรา	BSK	0	79070.91	2	484	4021
ฉะเชิงเทรา	KOB	0	52915.8	678	226	2709
ฉะเชิงเทรา	BSL	0	119956.375	87	198	1298
ฉะเชิงเทรา	BSM	0	303146.3	83	330	355
ฉะเชิงเทรา	HSR	0	68718.24	0	247	306
ฉะเชิงเทรา	BSU	0	109324.69	2	129	130
ฉะเชิงเทรา	BZD	0	0	0	0	0
สมุทรสาคร
สมุทรสาคร	SMF	0	213306.33	3403	1476	27643
สมุทรสาคร	BNP	0	87641.07	8436	1233	23305
สมุทรสาคร	KTE	0	186485.48	2	1139	19097
สมุทรสาคร	ONB	0	126004.69	42	845	17196
สมุทรสาคร	SMA	0	162467.06	2	726	13410
สมุทรสาคร	KTA	0	137309.58	2	732	12741
สมุทรสาคร	EKA	0	190658.1	21	832	12441
สมุทรสาคร	SME	0	165030.23	12249	850	10681
สมุทรสาคร	BAL	0	174483.13	3	555	9955
สมุทรสาคร	ONC	0	106275.84	759	366	9707
สมุทรสาคร	OND	0	48117.848	0	389	9696
สมุทรสาคร	ONA	0	134012.25	14	551	9068
สมุทรสาคร	SMB	0	195649.58	19532	776	8873
สมุทรสาคร	SMD	0	63000.785	3	282	7607
สมุทรสาคร	KTD	0	119113.39	381	417	7295
สมุทรสาคร	EKB	0	103170.01	279	466	6659
สมุทรสาคร	KTB	0	152806.95	82	935	5963
สมุทรสาคร	SMI	0	103254.31	38	591	5572
สมุทรสาคร	SMX	0	81344.05	51	515	4953
สมุทรสาคร	SAA	0	91297.84	1	256	4742
สมุทรสาคร	ONU	0	25809.615	14	219	3718
สมุทรสาคร	SMG	0	105942.914	7	350	3559
สมุทรสาคร	OYM	0	0	0	193	3276
สมุทรสาคร	SMC	0	0	0	544	2335
สมุทรสาคร	SXA	0	86371.69	147	335	1296
สมุทรสาคร	KTU	0	43704.64	51994	135	732
สมุทรสาคร	THS	0	119016.766	19	150	284
สมุทรสาคร	SMJ	0	0	0	0	0
สมุทรสาคร	SMK	0	0	0	0	0
สมุทรสาคร	SMZ	0	0	0	0	0
ปทุมธานี
ปทุมธานี	TYA	0	189798.55	9	1504	44372
ปทุมธานี	KHC	0	140555.34	0	1310	41206
ปทุมธานี	RSA	0	149924.25	2	1050	39048
ปทุมธานี	KLO	0	215566.89	5	2284	36640
ปทุมธานี	PQB	0	117563.516	1	1169	28578
ปทุมธานี	LLK	0	194965.53	0	2163	26566
ปทุมธานี	BKA	0	171075	10	1143	25212
ปทุมธานี	KHL	0	155743.11	9	1265	24313
ปทุมธานี	TMS	0	70413.96	1572	1020	23057
ปทุมธานี	KQA	0	43307.11	0	781	22667
ปทุมธานี	BMA	0	105100.96	4	891	21729
ปทุมธานี	BMB	0	99046.7	4	909	20820
ปทุมธานี	LAK	0	131914.69	3770	1347	18586
ปทุมธานี	PQA	0	144449.98	247	1133	17886
ปทุมธานี	PQC	0	144945.67	15	670	16523
ปทุมธานี	PQD	0	91703.19	4	1006	15625
ปทุมธานี	RGA	0	100341.58	1	542	13278
ปทุมธานี	MUB	0	76101.37	1	398	11592
ปทุมธานี	SKK	0	82789.66	5	742	9872
ปทุมธานี	BPN	0	94249.56	116	436	9821
ปทุมธานี	NVD	0	96517.98	7	869	8412
ปทุมธานี	NVA	0	40029.25	1087	198	644
ปทุมธานี	BDA	0	41153.094	0	314	555
ปทุมธานี	NVB	0	29781.38	1	37	288
ปทุมธานี	NVC	0	44059.324	206	210	245
ปทุมธานี	NVU	0	0	0	92	100
ปทุมธานี	RSB	0	0	0	0	0
บุรีรัมย์
บุรีรัมย์	BRA	35	125255.36	23330	1970	64905
บุรีรัมย์	NOK	29	102298.09	27773	1626	60916
บุรีรัมย์	BRB	0	102445.36	4294	1701	56016
บุรีรัมย์	XTA	0	23141.828	8177	560	24924
บุรีรัมย์	NAR	0	40423.887	1130	584	22819
บุรีรัมย์	LHA	0	0	0	0	0
ปราจีนบุรี
ปราจีนบุรี	PAA	0	125509.71	3471	2011	51506
ปราจีนบุรี	SMP	39	141960.61	11028	1736	41164
ปราจีนบุรี	KBJ	0	152171.25	1092	1960	41130
ปราจีนบุรี	PCK	0	36191.15	6003	863	24875
ปราจีนบุรี	NSI	14	47794.06	18771	1029	21387
ปราจีนบุรี	BSG	16	58139.508	19550	881	13287
ปราจีนบุรี	PAB	0	43730.176	2021	582	11555
ปราจีนบุรี	KBL	0	49510.617	142	585	7716
ปราจีนบุรี	KBI	0	68382.375	1619	156	200
ปราจีนบุรี	SMQ	0	31213.422	18	62	138
ปราจีนบุรี	KBK	0	19858.59	528	66	77
เพชรบุรี
เพชรบุรี	PBA	0	182946.11	1	2420	79031
เพชรบุรี	PBB	23	81012.73	14877	1374	42494
เพชรบุรี	CAB	24	87491.67	14767	1628	31246
เพชรบุรี	KHY	0	70838.53	7148	1021	19166
เพชรบุรี	CAA	0	72359.766	3224	599	12185
เพชรบุรี	CAC	0	28596.666	0	379	10687
เพชรบุรี	KHZ	14	47946.016	28035	601	8043
เพชรบุรี	CAU	0	25624.617	0	231	5462
เชียงใหม่
เชียงใหม่	SKP	0	160956.27	7	2166	78622
เชียงใหม่	SGA	0	97538.05	367	1956	78324
เชียงใหม่	MRM	0	184699.84	0	2835	73378
เชียงใหม่	CEA	0	0	0	1674	63027
เชียงใหม่	CDO	0	42830	124	1079	46318
เชียงใหม่	CMC	0	139189.95	0	1498	46097
เชียงใหม่	CMA	0	143600.36	2	1490	43715
เชียงใหม่	DKA	0	78903.42	3	1253	37746
เชียงใหม่	CMB	0	161774.1	0	1581	36450
เชียงใหม่	XSB	0	0	0	1056	32564
เชียงใหม่	CMD	0	127213.6	7	1880	32151
เชียงใหม่	CGA	0	0	0	709	27895
เชียงใหม่	FAA	24	86883.99	16516	679	21199
เชียงใหม่	CMU	0	50299.55	0	578	9836
เชียงใหม่	CMW	0	0	0	382	9082
เชียงใหม่	HOA	0	10235.006	54	281	8201
เชียงใหม่	CMV	0	43509.984	90	255	6530
เชียงใหม่	CME	0	53436.51	0	0	0
เชียงใหม่	CMF	0	55484.926	10	0	0
เชียงใหม่	CMI	0	0	0	0	0
เชียงใหม่	FAU	0	0	0	0	0
เชียงใหม่	MTU	0	0	0	0	0
เชียงใหม่	SHA	0	0	0	0	0
เชียงใหม่	XSA	0	0	0	0	0
สระบุรี
สระบุรี	SRE	0	157172.98	2	1994	46268
สระบุรี	DOP	18	64098.246	18447	891	29249
สระบุรี	SRA	0	108170.55	1337	814	26871
สระบุรี	NOH	0	111510.05	16	1207	26480
สระบุรี	WIA	0	76405.38	2929	909	23381
สระบุรี	TDA	20	69598.31	22961	976	19530
สระบุรี	PJA	0	84696.41	33	797	19150
สระบุรี	WAM	23	80981.9	14689	921	17446
สระบุรี	PJB	0	94917.52	3912	683	15401
สระบุรี	MLK	0	59211.773	94	871	12606
สระบุรี	TLA	0	35573.223	836	374	12198
สระบุรี	SRF	0	31436.969	885	563	10896
สระบุรี	SRB	0	55400.06	1665	447	7970
สระบุรี	SRD	0	39732.055	17	409	7848
สระบุรี	PKE	0	0	0	391	4453
สระบุรี	KYE	0	20396.166	732	121	2230
สระบุรี	NPL	0	85109.66	4	189	208
พิษณุโลก
พิษณุโลก	WGT	0	150213.13	255	2226	61834
พิษณุโลก	PLC	0	137221.05	2	1792	49509
พิษณุโลก	NAT	0	38018.188	199	977	40286
พิษณุโลก	PLA	0	114964.81	0	1130	31792
พิษณุโลก	PLE	0	84715.44	292	837	24704
พิษณุโลก	WBT	0	37594.645	3	725	18423
พิษณุโลก	QRA	7	22682.55	16240	671	17122
พิษณุโลก	PLZ	0	35605.59	2	748	14075
พิษณุโลก	PLD	0	0	0	0	0
ราชบุรี
ราชบุรี	DNA	0	185467.31	1	2168	65135
ราชบุรี	PTH	0	168282.8	2	1822	44734
ราชบุรี	RBB	0	115596.65	1005	1481	37212
ราชบุรี	BPB	33	119847.99	24669	1146	34887
ราชบุรี	PTR	0	138510.45	58	1089	34627
ราชบุรี	BPA	0	157188.81	12	1248	29598
ราชบุรี	CBN	0	113452.1	3749	1485	25746
ราชบุรี	XPA	0	0	0	1186	23313
ราชบุรี	RBC	0	79819.266	0	1026	21721
ราชบุรี	PTS	0	37255.008	111	710	15836
ราชบุรี	NOM	0	85547.26	1810	637	15502
ราชบุรี	RBA	0	89445.41	170	533	15140
ราชบุรี	RBU	0	58023.44	22	703	12606
ราชบุรี	BPC	0	0	0	0	0
ขอนแก่น
ขอนแก่น	NOA	23	83378.734	39328	1876	91002
ขอนแก่น	KRA	0	104261.13	6092	1932	88187
ขอนแก่น	POA	9	31771.096	15952	1776	76990
ขอนแก่น	KKC	52	188944.5	16745	2752	75632
ขอนแก่น	BCA	0	129055.46	3587	1981	75301
ขอนแก่น	CHA	0	77290.47	6085	1712	73985
ขอนแก่น	NQA	15	53743.51	21789	1290	46532
ขอนแก่น	KKB	0	162726.28	659	1463	42397
ขอนแก่น	KKA	0	202335.9	1135	1759	41383
ขอนแก่น	KKD	0	0	0	1	2
ขอนแก่น	KKE	0	0	0	0	0
ขอนแก่น	KKV	0	0	0	0	0
นครปฐม
นครปฐม	KSA	37	134042.13	31112	2041	39586
นครปฐม	NPU	43	156327.47	15817	1227	34171
นครปฐม	DTM	0	125098.89	9616	1150	26579
นครปฐม	NPT	0	171535.03	32	904	25612
นครปฐม	NCB	0	110632.52	3157	982	24760
นครปฐม	NPV	0	153031.48	3	929	23838
นครปฐม	PMB	0	134200.9	32	980	20965
นครปฐม	SLY	0	98938.94	3	1116	20831
นครปฐม	SAB	27	96142.18	16127	756	20600
นครปฐม	NCA	0	95973.69	664	720	18031
นครปฐม	OYL	0	147739.3	3	640	13247
นครปฐม	OYI	0	83001.734	2638	592	12770
นครปฐม	OYK	0	174517.53	45	798	12334
นครปฐม	BEA	32	116573.09	22354	722	11414
นครปฐม	SAC	0	64325.14	485	391	7779
นครปฐม	SAD	0	91751.67	149	309	6966
นครปฐม	BEV	0	38519.547	5792	436	5022
นครปฐม	BEU	0	50046.023	260	375	3778
นครปฐม	NPW	0	0	0	0	0
สงขลา
สงขลา	SBY	19	66128.39	32969	2057	73007
สงขลา	HYC	45	162765.1	15621	1630	70543
สงขลา	SLB	0	133008.36	50	1130	43107
สงขลา	HYA	0	121995.28	3890	1096	43064
สงขลา	HYB	0	110261.82	1354	1099	38567
สงขลา	HYD	0	159842.39	5420	1099	34405
สงขลา	RTP	0	122287.81	9	1270	33960
สงขลา	ROA	0	83011.92	1051	1303	32871
สงขลา	CHN	15	53491.004	32937	1053	32177
สงขลา	TUA	0	81904.78	748	782	23719
สงขลา	SLA	0	58570.895	0	645	22132
สงขลา	SHN	0	66635.15	629	496	21151
สงขลา	NJA	0	18188.613	0	501	17523
สงขลา	SQA	0	49398.754	4200	509	16484
สงขลา	DDA	0	35609.957	1361	596	13799
สงขลา	SLC	0	37784.78	28	338	12211
สงขลา	PAL	0	53504.78	39	389	10344
สงขลา	SQB	0	37043.355	639	238	6095
สงขลา	CLU	0	81759.79	8817	124	299
สงขลา	BLU	0	0	0	0	0
สงขลา	GOA	0	0	0	0	0
สงขลา	HYE	0	0	0	0	0
สุราษฎร์ธานี
สุราษฎร์ธานี	WSA	38	137997.4	17316	3316	94565
สุราษฎร์ธานี	BOA	0	187463.53	6	2720	75384
สุราษฎร์ธานี	CAY	27	95535.234	35681	2699	60082
สุราษฎร์ธานี	KCD	0	174433.75	202	2289	51431
สุราษฎร์ธานี	PPB	30	105921.805	32914	1720	41096
สุราษฎร์ธานี	PPA	0	149072.7	150	1670	37994
สุราษฎร์ธานี	BOB	0	103187.734	20	679	21446
สุราษฎร์ธานี	KFU	0	0	0	0	0
สุราษฎร์ธานี	QSA	0	0	0	0	0
นครสวรรค์
นครสวรรค์	LAA	21	74148.53	17339	2981	76625
นครสวรรค์	NSB	0	171733.17	73	2317	66663
นครสวรรค์	NSA	0	167887.06	46	1513	43949
นครสวรรค์	TKB	0	104171.01	1977	1573	41711
นครสวรรค์	NOB	0	63740.42	153	1313	39659
นครสวรรค์	TCA	0	70503.84	1924	1322	37312
นครสวรรค์	QHA	0	28077.313	97	764	19255
นครสวรรค์	BTA	0	0	0	0	0
นครสวรรค์	NSC	0	0	774	0	0
นครราชสีมา
นครราชสีมา	BUY	25	89861.62	30060	2288	88370
นครราชสีมา	CUM	21	75592.03	14235	1528	69785
นครราชสีมา	HTL	20	71738.82	14199	1574	68858
นครราชสีมา	KGA	25	90914.62	19630	1594	60647
นครราชสีมา	NRD	0	140311.5	8699	1189	52846
นครราชสีมา	PCA	0	139408.03	815	2032	48637
นครราชสีมา	NRC	0	110926.43	706	1324	47982
นครราชสีมา	KON	16	54853.5	10992	1134	46523
นครราชสีมา	DTA	26	94172.23	18133	1233	43352
นครราชสีมา	NRE	0	86664.305	2148	834	32000
นครราชสีมา	CCI	37	134219.13	23253	1133	29871
นครราชสีมา	SFA	25	88717.32	20225	748	26482
นครราชสีมา	NRA	0	104456.03	20	864	25480
นครราชสีมา	NRB	0	44398.6	4	802	25287
นครราชสีมา	PWA	0	0	0	1329	24430
นครราชสีมา	SFB	0	48619.08	111	976	24090
นครราชสีมา	XNA	0	70817.34	645	752	22248
นครราชสีมา	XEA	0	26992.152	1548	456	19715
นครราชสีมา	PCC	0	104122.055	42	1955	19660
นครราชสีมา	PCB	0	107287.99	92	1185	19085
นครราชสีมา	KOU	0	34048.266	41840	472	18974
นครราชสีมา	NRF	0	70132.266	1	573	14382
นครราชสีมา	HTA	9	30747.926	16872	386	9474
นครราชสีมา	KOT	0	101759.52	6	306	5974
นครราชสีมา	BZA	0	0	0	0	0
นครราชสีมา	NZA	0	0	0	0	0
นครราชสีมา	PRV	0	0	0	0	0
ลพบุรี
ลพบุรี	LBA	0	141250.19	0	1155	42131
ลพบุรี	KSR	0	74342.55	14897	1208	40224
ลพบุรี	CDB	29	103521.04	13756	1525	37824
ลพบุรี	CDA	0	0	0	1448	31157
ลพบุรี	NUA	0	59525.9	34	1100	25969
ลพบุรี	TWA	0	0	0	584	22112
ลพบุรี	PXA	22	79923.53	17900	1143	19720
ลพบุรี	LBC	0	37088.484	52	323	10201
ลพบุรี	PXB	0	0	0	0	0
ภูเก็ต
ภูเก็ต	TLG	0	154045.19	84	1796	41582
ภูเก็ต	PKA	0	174068.55	79	1524	40765
ภูเก็ต	PKB	0	129933.555	1	1259	36129
ภูเก็ต	TLH	0	133160.77	725	1287	22741
ภูเก็ต	PKC	0	79994.27	7915	718	22077
ภูเก็ต	KRN	0	146541.58	64	1117	20733
ภูเก็ต	PAT	0	186259.52	307	1335	12414
ภูเก็ต	PKD	0	0	0	0	0
ระนอง
ระนอง	RNB	0	129347.47	4	1472	41789
ระนอง	RNA	0	30917.463	2361	966	19260
สมุทรสงคราม
สมุทรสงคราม	SSA	0	141314.61	194	1279	31868
